Capture_ID,Distance,FP_INDEX,FP_AMPL1,FP_AMPL2,FP_AMPL3,RXPACC,STD_NOISE,MAX_NOISE,CIR0,CIR1,CIR2,CIR3,CIR4,CIR5,CIR6,CIR7,CIR8,CIR9,CIR10,CIR11,CIR12,CIR13,CIR14,CIR15,CIR16,CIR17,CIR18,CIR19,CIR20,CIR21,CIR22,CIR23,CIR24,CIR25,CIR26,CIR27,CIR28,CIR29,CIR30,CIR31,CIR32,CIR33,CIR34,CIR35,CIR36,CIR37,CIR38,CIR39,CIR40,CIR41,CIR42,CIR43,CIR44,CIR45,CIR46,CIR47,CIR48,CIR49,CIR50,CIR51,CIR52,CIR53,CIR54,CIR55,CIR56,CIR57,CIR58,CIR59,CIR60,CIR61,CIR62,CIR63,CIR64,CIR65,CIR66,CIR67,CIR68,CIR69,CIR70,CIR71,CIR72,CIR73,CIR74,CIR75,CIR76,CIR77,CIR78,CIR79,CIR80,CIR81,CIR82,CIR83,CIR84,CIR85,CIR86,CIR87,CIR88,CIR89,CIR90,CIR91,CIR92,CIR93,CIR94,CIR95,CIR96,CIR97,CIR98,CIR99,CIR100,CIR101,CIR102,CIR103,CIR104,CIR105,CIR106,CIR107,CIR108,CIR109,CIR110,CIR111,CIR112,CIR113,CIR114,CIR115,CIR116,CIR117,CIR118,CIR119,CIR120,CIR121,CIR122,CIR123,CIR124,CIR125,CIR126,CIR127,CIR128,CIR129,CIR130,CIR131,CIR132,CIR133,CIR134,CIR135,CIR136,CIR137,CIR138,CIR139,CIR140,CIR141,CIR142,CIR143,CIR144,CIR145,CIR146,CIR147,CIR148,CIR149,CIR150,CIR151,CIR152,CIR153,CIR154,CIR155,CIR156,CIR157,CIR158,CIR159,CIR160,CIR161,CIR162,CIR163,CIR164,CIR165,CIR166,CIR167,CIR168,CIR169,CIR170,CIR171,CIR172,CIR173,CIR174,CIR175,CIR176,CIR177,CIR178,CIR179,CIR180,CIR181,CIR182,CIR183,CIR184,CIR185,CIR186,CIR187,CIR188,CIR189,CIR190,CIR191,CIR192,CIR193,CIR194,CIR195,CIR196,CIR197,CIR198,CIR199,CIR200,CIR201,CIR202,CIR203,CIR204,CIR205,CIR206,CIR207,CIR208,CIR209,CIR210,CIR211,CIR212,CIR213,CIR214,CIR215,CIR216,CIR217,CIR218,CIR219,CIR220,CIR221,CIR222,CIR223,CIR224,CIR225,CIR226,CIR227,CIR228,CIR229,CIR230,CIR231,CIR232,CIR233,CIR234,CIR235,CIR236,CIR237,CIR238,CIR239,CIR240,CIR241,CIR242,CIR243,CIR244,CIR245,CIR246,CIR247,CIR248,CIR249,CIR250,CIR251,CIR252,CIR253,CIR254,CIR255,CIR256,CIR257,CIR258,CIR259,CIR260,CIR261,CIR262,CIR263,CIR264,CIR265,CIR266,CIR267,CIR268,CIR269,CIR270,CIR271,CIR272,CIR273,CIR274,CIR275,CIR276,CIR277,CIR278,CIR279,CIR280,CIR281,CIR282,CIR283,CIR284,CIR285,CIR286,CIR287,CIR288,CIR289,CIR290,CIR291,CIR292,CIR293,CIR294,CIR295,CIR296,CIR297,CIR298,CIR299,CIR300,CIR301,CIR302,CIR303,CIR304,CIR305,CIR306,CIR307,CIR308,CIR309,CIR310,CIR311,CIR312,CIR313,CIR314,CIR315,CIR316,CIR317,CIR318,CIR319,CIR320,CIR321,CIR322,CIR323,CIR324,CIR325,CIR326,CIR327,CIR328,CIR329,CIR330,CIR331,CIR332,CIR333,CIR334,CIR335,CIR336,CIR337,CIR338,CIR339,CIR340,CIR341,CIR342,CIR343,CIR344,CIR345,CIR346,CIR347,CIR348,CIR349,CIR350,CIR351,CIR352,CIR353,CIR354,CIR355,CIR356,CIR357,CIR358,CIR359,CIR360,CIR361,CIR362,CIR363,CIR364,CIR365,CIR366,CIR367,CIR368,CIR369,CIR370,CIR371,CIR372,CIR373,CIR374,CIR375,CIR376,CIR377,CIR378,CIR379,CIR380,CIR381,CIR382,CIR383,CIR384,CIR385,CIR386,CIR387,CIR388,CIR389,CIR390,CIR391,CIR392,CIR393,CIR394,CIR395,CIR396,CIR397,CIR398,CIR399,CIR400,CIR401,CIR402,CIR403,CIR404,CIR405,CIR406,CIR407,CIR408,CIR409,CIR410,CIR411,CIR412,CIR413,CIR414,CIR415,CIR416,CIR417,CIR418,CIR419,CIR420,CIR421,CIR422,CIR423,CIR424,CIR425,CIR426,CIR427,CIR428,CIR429,CIR430,CIR431,CIR432,CIR433,CIR434,CIR435,CIR436,CIR437,CIR438,CIR439,CIR440,CIR441,CIR442,CIR443,CIR444,CIR445,CIR446,CIR447,CIR448,CIR449,CIR450,CIR451,CIR452,CIR453,CIR454,CIR455,CIR456,CIR457,CIR458,CIR459,CIR460,CIR461,CIR462,CIR463,CIR464,CIR465,CIR466,CIR467,CIR468,CIR469,CIR470,CIR471,CIR472,CIR473,CIR474,CIR475,CIR476,CIR477,CIR478,CIR479,CIR480,CIR481,CIR482,CIR483,CIR484,CIR485,CIR486,CIR487,CIR488,CIR489,CIR490,CIR491,CIR492,CIR493,CIR494,CIR495,CIR496,CIR497,CIR498,CIR499,CIR500,CIR501,CIR502,CIR503,CIR504,CIR505,CIR506,CIR507,CIR508,CIR509,CIR510,CIR511,CIR512,CIR513,CIR514,CIR515,CIR516,CIR517,CIR518,CIR519,CIR520,CIR521,CIR522,CIR523,CIR524,CIR525,CIR526,CIR527,CIR528,CIR529,CIR530,CIR531,CIR532,CIR533,CIR534,CIR535,CIR536,CIR537,CIR538,CIR539,CIR540,CIR541,CIR542,CIR543,CIR544,CIR545,CIR546,CIR547,CIR548,CIR549,CIR550,CIR551,CIR552,CIR553,CIR554,CIR555,CIR556,CIR557,CIR558,CIR559,CIR560,CIR561,CIR562,CIR563,CIR564,CIR565,CIR566,CIR567,CIR568,CIR569,CIR570,CIR571,CIR572,CIR573,CIR574,CIR575,CIR576,CIR577,CIR578,CIR579,CIR580,CIR581,CIR582,CIR583,CIR584,CIR585,CIR586,CIR587,CIR588,CIR589,CIR590,CIR591,CIR592,CIR593,CIR594,CIR595,CIR596,CIR597,CIR598,CIR599,CIR600,CIR601,CIR602,CIR603,CIR604,CIR605,CIR606,CIR607,CIR608,CIR609,CIR610,CIR611,CIR612,CIR613,CIR614,CIR615,CIR616,CIR617,CIR618,CIR619,CIR620,CIR621,CIR622,CIR623,CIR624,CIR625,CIR626,CIR627,CIR628,CIR629,CIR630,CIR631,CIR632,CIR633,CIR634,CIR635,CIR636,CIR637,CIR638,CIR639,CIR640,CIR641,CIR642,CIR643,CIR644,CIR645,CIR646,CIR647,CIR648,CIR649,CIR650,CIR651,CIR652,CIR653,CIR654,CIR655,CIR656,CIR657,CIR658,CIR659,CIR660,CIR661,CIR662,CIR663,CIR664,CIR665,CIR666,CIR667,CIR668,CIR669,CIR670,CIR671,CIR672,CIR673,CIR674,CIR675,CIR676,CIR677,CIR678,CIR679,CIR680,CIR681,CIR682,CIR683,CIR684,CIR685,CIR686,CIR687,CIR688,CIR689,CIR690,CIR691,CIR692,CIR693,CIR694,CIR695,CIR696,CIR697,CIR698,CIR699,CIR700,CIR701,CIR702,CIR703,CIR704,CIR705,CIR706,CIR707,CIR708,CIR709,CIR710,CIR711,CIR712,CIR713,CIR714,CIR715,CIR716,CIR717,CIR718,CIR719,CIR720,CIR721,CIR722,CIR723,CIR724,CIR725,CIR726,CIR727,CIR728,CIR729,CIR730,CIR731,CIR732,CIR733,CIR734,CIR735,CIR736,CIR737,CIR738,CIR739,CIR740,CIR741,CIR742,CIR743,CIR744,CIR745,CIR746,CIR747,CIR748,CIR749,CIR750,CIR751,CIR752,CIR753,CIR754,CIR755,CIR756,CIR757,CIR758,CIR759,CIR760,CIR761,CIR762,CIR763,CIR764,CIR765,CIR766,CIR767,CIR768,CIR769,CIR770,CIR771,CIR772,CIR773,CIR774,CIR775,CIR776,CIR777,CIR778,CIR779,CIR780,CIR781,CIR782,CIR783,CIR784,CIR785,CIR786,CIR787,CIR788,CIR789,CIR790,CIR791,CIR792,CIR793,CIR794,CIR795,CIR796,CIR797,CIR798,CIR799,CIR800,CIR801,CIR802,CIR803,CIR804,CIR805,CIR806,CIR807,CIR808,CIR809,CIR810,CIR811,CIR812,CIR813,CIR814,CIR815,CIR816,CIR817,CIR818,CIR819,CIR820,CIR821,CIR822,CIR823,CIR824,CIR825,CIR826,CIR827,CIR828,CIR829,CIR830,CIR831,CIR832,CIR833,CIR834,CIR835,CIR836,CIR837,CIR838,CIR839,CIR840,CIR841,CIR842,CIR843,CIR844,CIR845,CIR846,CIR847,CIR848,CIR849,CIR850,CIR851,CIR852,CIR853,CIR854,CIR855,CIR856,CIR857,CIR858,CIR859,CIR860,CIR861,CIR862,CIR863,CIR864,CIR865,CIR866,CIR867,CIR868,CIR869,CIR870,CIR871,CIR872,CIR873,CIR874,CIR875,CIR876,CIR877,CIR878,CIR879,CIR880,CIR881,CIR882,CIR883,CIR884,CIR885,CIR886,CIR887,CIR888,CIR889,CIR890,CIR891,CIR892,CIR893,CIR894,CIR895,CIR896,CIR897,CIR898,CIR899,CIR900,CIR901,CIR902,CIR903,CIR904,CIR905,CIR906,CIR907,CIR908,CIR909,CIR910,CIR911,CIR912,CIR913,CIR914,CIR915,CIR916,CIR917,CIR918,CIR919,CIR920,CIR921,CIR922,CIR923,CIR924,CIR925,CIR926,CIR927,CIR928,CIR929,CIR930,CIR931,CIR932,CIR933,CIR934,CIR935,CIR936,CIR937,CIR938,CIR939,CIR940,CIR941,CIR942,CIR943,CIR944,CIR945,CIR946,CIR947,CIR948,CIR949,CIR950,CIR951,CIR952,CIR953,CIR954,CIR955,CIR956,CIR957,CIR958,CIR959,CIR960,CIR961,CIR962,CIR963,CIR964,CIR965,CIR966,CIR967,CIR968,CIR969,CIR970,CIR971,CIR972,CIR973,CIR974,CIR975,CIR976,CIR977,CIR978,CIR979,CIR980,CIR981,CIR982,CIR983,CIR984,CIR985,CIR986,CIR987,CIR988,CIR989,CIR990,CIR991,CIR992,CIR993,CIR994,CIR995,CIR996,CIR997,CIR998,CIR999,CIR1000,CIR1001,CIR1002,CIR1003,CIR1004,CIR1005,CIR1006,CIR1007,CIR1008,CIR1009,CIR1010,CIR1011,CIR1012,CIR1013,CIR1014,CIR1015
0,4.634073,47671,7556,7576,4548,118,48,1224,263,70,69,40,2,33,82,27,72,185,81,62,76,203,239,200,105,190,57,15,84,141,129,147,105,19,55,142,83,73,128,61,76,48,28,74,20,169,220,148,46,124,38,77,52,116,176,143,67,10,70,63,120,165,231,217,67,60,94,12,6,25,80,285,11,138,27,59,65,91,46,119,44,106,29,113,73,65,104,17,76,33,90,85,71,94,149,116,38,101,78,65,29,82,87,200,53,10,37,18,21,53,132,27,53,117,16,28,31,31,73,50,85,81,24,104,29,104,124,94,105,63,27,66,52,63,273,31,40,127,41,37,30,137,92,23,107,214,109,88,44,92,148,119,116,225,26,24,58,130,249,235,146,153,56,94,42,72,103,40,121,99,132,71,23,92,125,132,129,162,57,50,100,177,190,154,62,127,22,16,49,155,109,90,90,140,33,89,95,3,139,195,76,23,60,26,46,140,77,117,76,121,64,55,48,84,97,30,68,33,26,55,38,60,57,100,78,114,15,33,36,238,246,124,67,143,57,13,49,76,128,74,80,72,50,88,48,95,125,88,56,171,35,32,56,91,148,110,56,98,45,42,35,73,68,155,57,100,20,79,56,172,217,161,69,103,59,97,50,83,101,140,8,16,3,36,28,36,79,154,27,103,21,11,34,51,92,167,40,113,33,53,72,69,61,7,66,73,89,153,75,154,211,246,123,38,15,106,12,100,141,54,45,117,29,5,24,38,16,38,46,77,47,100,54,184,200,132,136,65,27,28,11,73,14,64,28,84,75,82,70,114,61,17,81,110,54,66,43,162,120,11,57,105,28,28,23,65,101,116,11,97,48,58,39,102,163,125,104,34,38,54,26,53,144,50,61,50,259,65,43,190,209,61,24,60,14,40,33,23,73,78,59,146,14,26,55,142,54,155,47,140,34,35,33,160,189,24,116,162,62,46,63,158,193,227,73,25,24,35,64,73,54,49,72,88,87,69,66,24,22,93,21,111,26,27,30,38,37,87,110,264,43,89,36,88,121,111,51,82,25,35,98,129,135,138,15,47,50,94,34,17,53,85,77,57,72,102,50,147,177,100,79,22,13,82,96,66,65,104,64,50,61,118,87,85,6,121,8,15,40,45,48,60,168,139,51,67,30,52,107,142,209,181,85,73,51,39,14,127,124,159,143,52,62,31,49,109,79,41,35,56,78,127,101,237,191,48,48,122,70,52,58,57,68,30,69,53,36,71,33,93,51,5,67,22,37,18,34,58,121,13,138,165,5,41,57,41,79,123,55,82,8,11,61,132,35,274,73,91,78,52,45,100,228,337,9,112,87,34,28,78,76,80,49,121,31,90,75,94,129,91,81,64,36,47,28,149,80,206,95,51,72,58,60,62,69,35,114,93,52,59,17,89,145,116,34,95,44,108,84,132,192,41,115,156,27,42,44,92,155,157,79,140,58,95,65,84,183,184,76,1,102,61,87,156,296,186,54,73,45,31,19,59,60,124,131,225,18,26,38,95,166,135,108,188,34,68,52,67,198,158,53,60,79,36,78,133,202,48,28,115,56,113,61,99,103,44,39,73,56,92,70,261,54,98,53,58,65,69,38,105,199,100,96,177,36,19,39,37,68,95,41,92,62,60,8,123,129,91,148,276,20,38,52,169,202,184,78,30,112,125,100,66,33,113,132,203,90,81,157,122,26,60,831,4548,7575,7555,6996,6033,4121,2773,2466,1685,256,483,280,659,302,383,255,410,348,135,516,1031,689,74,274,560,192,226,282,534,639,490,253,128,118,220,185,204,535,470,486,577,89,165,166,242,383,253,226,313,54,49,34,173,385,389,242,215,92,123,144,217,346,395,361,305,44,59,96,222,450,378,154,161,80,93,124,189,276,274,225,430,57,160,119,161,314,302,93,183,76,52,46,98,202,271,109,263,142,136,140,165,199,281,143,103,73,55,56,203,248,216,105,52,86,34,58,159,128,145,172,162,73,99,83,19,73,120,97,216,56,76,31,130,199,182,116,158,130,76,57,143,95,64,104,83,40,21,40,152,217,165,140,114,95,91,82,185,134,75,142,169,29,87,101,126,103,155,25,17,35,32,28,84,42,120,25,56,58,76,93,169,125,91,66,230,68,94,102,81,99,106,46,177,20,62,52,116,114,73,54,258,12,54,46,40,21,141,62,183,124,86,32,33,193,241,52,101,22,50,98,181,143,48,18,85,29,24,39,69,77,59,80,54,61,77,34,249,245,62,158,67,27,35,28,87,94,269,89,128,34,54,91,155,146,100,28,29,68,92,54,68,63,151,265,106,44,34,81,152,44,143
1,4.634073,48032,7566,7544,6235,118,36,887,271,54,50,136,43,83,95,24,27,19,37,53,22,5,82,131,7,47,37,121,104,136,117,185,11,39,75,144,84,139,74,45,65,108,58,69,63,51,21,46,24,67,10,169,113,93,86,134,16,43,45,119,94,175,62,64,52,59,111,189,161,193,86,84,30,12,27,103,66,120,101,115,8,13,23,88,47,58,17,38,16,38,13,35,74,99,16,26,51,69,87,140,166,124,14,101,46,58,33,39,73,129,23,2,67,39,54,141,66,38,71,125,10,39,11,60,114,96,103,129,21,47,2,156,154,190,51,73,15,22,25,102,85,80,58,10,26,57,44,86,52,37,74,119,80,82,66,109,120,136,17,93,32,24,59,200,108,149,151,35,22,58,22,117,3,86,37,135,70,58,16,41,56,172,138,138,78,57,60,97,84,80,43,80,20,29,84,81,82,283,38,80,3,54,91,84,79,185,79,79,16,29,5,70,98,122,147,100,35,10,45,107,57,69,29,35,17,3,8,61,27,137,70,36,27,36,48,185,117,70,63,39,22,31,25,130,108,97,114,60,31,34,37,66,77,106,130,202,64,47,75,146,12,88,43,51,31,43,58,80,20,81,68,95,37,54,73,155,77,60,68,63,59,46,32,64,43,115,5,94,18,46,8,92,52,116,67,32,21,15,7,38,50,105,45,48,27,40,34,66,82,117,94,149,21,59,46,93,30,142,88,174,45,106,20,295,133,94,26,22,33,12,54,129,32,130,31,138,55,36,37,214,153,190,140,40,21,42,56,65,16,6,60,72,77,33,25,85,68,25,51,38,75,51,55,109,35,37,40,86,27,40,43,95,127,160,35,104,16,86,81,84,45,71,73,44,20,12,12,112,160,115,69,66,55,81,39,146,76,112,96,60,39,19,23,84,63,133,53,102,36,29,81,162,91,41,100,61,29,12,55,125,111,161,92,50,38,29,96,226,115,191,87,78,42,25,72,88,40,81,62,65,64,53,69,73,66,147,58,29,26,265,11,42,42,18,92,62,42,63,70,131,108,38,27,46,7,10,74,167,94,161,95,30,62,51,14,28,69,56,71,20,70,55,53,111,61,28,63,41,39,76,42,39,100,33,42,33,30,35,90,98,7,98,82,92,18,4,22,150,111,107,67,68,264,11,51,103,67,122,61,82,20,36,55,105,81,161,35,43,33,15,41,140,85,101,85,46,102,74,94,256,103,62,15,119,66,57,93,69,3,117,43,78,29,29,59,65,52,25,72,41,30,9,40,61,37,18,66,25,10,30,25,45,45,71,18,16,5,29,83,114,37,53,67,72,91,43,12,100,54,47,62,101,75,38,42,61,75,132,56,49,13,33,102,109,72,83,46,64,16,46,37,98,49,84,55,75,122,64,78,138,101,114,87,172,39,32,32,55,27,67,54,81,34,54,56,177,154,128,33,143,33,5,34,71,34,92,36,104,16,17,27,113,62,161,91,82,90,61,51,287,164,78,48,5,29,50,19,46,39,43,83,84,39,42,48,16,93,149,54,70,81,32,4,54,109,125,26,144,69,60,51,149,85,49,24,75,17,35,42,86,44,3,157,39,35,39,36,34,33,32,91,65,38,38,18,218,92,62,162,34,50,51,39,47,138,205,45,113,103,82,93,123,100,95,94,130,43,55,14,139,151,183,77,147,64,67,51,11,40,66,68,72,93,94,51,82,71,172,1386,6247,7556,7579,6561,4782,6472,3987,2325,1050,177,303,335,408,143,460,119,328,264,53,483,867,292,141,255,645,189,191,335,608,510,438,189,125,124,185,112,382,477,584,577,368,53,107,112,343,266,251,267,257,17,27,52,286,278,376,164,194,67,71,102,275,231,413,288,118,18,13,78,318,219,335,158,102,19,31,99,291,168,213,180,218,28,99,104,224,132,169,84,145,32,13,35,63,74,145,63,154,58,88,77,112,51,105,104,118,34,29,32,157,60,99,41,77,41,27,35,112,30,7,96,131,31,48,48,76,48,39,72,167,51,36,25,107,50,136,162,68,50,71,58,167,66,81,69,70,28,38,75,147,111,103,138,119,73,64,55,113,66,56,56,179,12,18,57,80,81,100,47,65,36,16,44,70,77,127,55,101,28,40,73,198,25,66,43,156,63,63,84,96,109,147,28,60,8,19,53,174,126,128,17,86,36,50,21,103,58,79,79,170,67,30,21,30,71,188,104,67,19,18,52,123,64,47,115,155,49,65,59,105,84,64,28,63,20,37,63,190,100,66,57,94,45,16,35,99,12,91,12,55,31,18,101,106,98,39,88,75,41,39,35,127,79,39,17,86
2,4.634073,47685,7309,7077,7162,118,48,1128,257,22,53,33,49,49,49,20,57,128,67,45,28,83,191,272,114,150,38,28,49,71,76,115,169,36,27,90,76,77,194,157,24,49,32,74,51,111,242,126,39,152,16,45,57,81,154,193,116,60,21,28,62,172,242,220,134,111,39,36,30,21,113,311,99,99,48,46,55,100,54,64,84,132,58,52,63,112,144,152,59,28,38,69,75,108,129,156,21,52,55,44,47,42,34,209,102,30,27,54,54,54,118,68,47,142,34,64,25,43,108,95,105,154,3,88,36,122,137,44,124,25,52,36,28,121,297,147,44,83,13,21,14,53,35,63,76,191,92,94,87,86,171,164,45,202,17,50,15,112,201,202,100,102,63,56,55,78,201,119,60,71,97,58,35,21,79,131,123,154,72,104,53,115,199,198,27,144,43,41,30,78,114,141,74,69,47,37,38,12,109,274,177,94,70,35,12,40,68,187,69,157,83,68,34,117,160,175,50,42,49,19,22,56,67,175,154,133,20,7,33,190,253,183,73,111,36,48,58,19,101,114,63,21,3,7,18,78,150,266,124,161,92,37,41,77,113,51,20,127,27,60,24,77,95,173,135,76,23,75,70,71,207,205,88,85,50,72,53,129,122,100,72,66,46,2,18,53,11,152,95,111,20,9,20,43,53,84,22,62,27,44,36,56,72,39,35,66,29,126,66,112,215,294,163,65,51,185,88,86,114,36,48,123,30,44,31,56,85,119,23,65,27,30,25,128,217,193,174,135,34,27,12,29,13,77,18,86,63,84,66,19,17,30,52,125,95,98,101,176,208,97,47,27,34,33,13,57,102,153,45,136,59,91,64,40,139,184,130,99,11,58,40,36,116,160,34,57,259,73,67,108,173,139,21,64,14,35,25,44,121,141,48,63,4,18,48,166,89,124,46,117,18,17,40,111,176,152,66,108,18,38,29,104,125,238,114,43,30,56,60,58,57,58,47,65,52,42,47,27,40,45,70,48,19,44,23,8,12,59,61,74,35,79,50,25,78,191,69,38,25,31,27,62,130,225,43,21,15,68,25,47,83,129,70,56,61,105,82,142,181,169,30,93,39,52,47,17,59,83,51,46,31,48,19,85,80,83,56,50,31,38,51,81,191,222,88,25,33,71,58,127,190,202,272,60,61,96,58,75,140,131,134,73,7,51,52,86,105,61,31,59,107,106,125,235,204,57,28,109,142,118,125,144,156,125,38,53,49,22,42,40,39,38,43,59,70,23,29,60,49,83,58,91,6,46,29,34,48,150,38,96,8,32,45,46,55,93,94,64,24,71,40,83,142,234,89,184,70,68,45,80,93,151,56,83,43,41,49,121,140,115,95,28,34,39,10,81,122,153,80,50,104,81,50,61,98,136,85,70,90,63,66,55,149,214,117,51,21,47,42,103,210,170,113,168,8,33,22,77,62,213,54,202,27,31,41,67,178,248,105,110,66,73,24,115,287,282,71,68,16,58,10,30,81,123,130,227,10,59,39,40,112,124,123,214,6,23,11,45,131,77,72,13,67,22,43,85,154,76,23,61,40,51,50,42,103,106,93,136,47,69,44,44,82,133,95,111,21,42,26,96,164,189,63,141,55,51,16,68,90,142,58,22,11,56,35,118,139,47,80,271,19,55,27,69,180,213,124,74,110,118,101,111,49,39,144,185,100,74,114,133,103,105,519,3566,7176,7091,7320,6142,3937,4217,2714,1158,320,394,320,609,563,179,82,166,205,127,134,546,539,197,238,383,219,234,224,490,750,625,208,115,15,192,127,173,452,400,405,580,78,107,122,147,284,260,153,289,89,34,32,156,339,415,231,131,69,134,85,132,280,386,388,321,83,10,21,145,334,309,184,122,40,31,55,142,296,245,219,271,98,96,79,108,255,372,91,114,76,42,27,68,169,294,184,206,94,97,117,126,165,301,209,140,61,69,86,123,222,242,173,137,57,39,59,108,166,150,178,199,47,64,80,27,54,102,85,165,76,46,37,91,177,223,184,148,12,85,48,63,48,64,138,99,17,21,28,188,275,221,166,143,72,79,71,96,104,160,187,141,57,52,63,59,51,193,72,45,37,27,19,16,87,264,27,39,30,50,76,139,140,88,99,104,90,100,98,114,56,153,94,118,53,49,71,138,158,32,20,19,34,78,66,36,79,214,31,103,99,49,67,76,110,339,169,26,24,68,29,164,201,108,83,162,39,73,44,42,50,44,66,44,33,68,66,184,250,120,102,62,1,30,28,32,57,224,75,50,16,44,57,74,147,172,39,67,49,56,24,124,122,110,17,109,57,30,24,109,48,145
3,4.634073,47666,7069,6950,4534,118,48,1179,261,28,32,27,31,47,33,31,86,225,21,19,41,199,195,194,84,194,21,29,67,100,107,102,92,11,58,135,53,107,173,22,19,84,47,83,25,118,142,99,49,196,13,70,49,147,191,171,67,99,49,78,96,268,287,213,75,56,56,40,13,13,88,304,49,130,14,39,56,99,105,57,49,62,36,88,45,98,157,85,48,13,44,78,95,112,145,110,56,146,64,43,2,51,67,224,24,25,44,37,41,56,104,52,50,193,28,37,35,77,139,33,76,190,16,84,40,109,113,53,111,90,17,42,32,125,280,112,29,88,24,49,39,78,60,37,70,199,91,132,81,124,113,211,40,187,10,14,47,140,194,230,109,79,29,70,30,87,117,104,44,70,71,46,46,76,112,163,133,147,62,70,69,121,170,155,35,130,25,47,46,110,96,135,101,104,8,63,70,74,134,253,67,54,36,40,35,128,50,123,89,136,21,33,31,61,109,49,44,56,14,50,52,74,38,140,107,75,40,49,23,208,273,187,67,116,8,36,41,48,92,75,84,51,26,41,44,67,135,219,100,248,29,43,65,180,205,89,46,72,18,46,54,121,78,203,68,146,42,108,70,179,208,190,81,57,15,82,46,124,60,137,37,70,29,49,9,64,97,168,51,14,34,29,33,43,9,91,48,46,17,43,30,47,43,41,63,152,15,123,84,172,172,279,98,67,22,113,9,124,89,102,80,117,31,29,45,104,50,154,17,179,50,51,38,207,251,185,123,100,14,41,46,78,14,120,43,114,61,76,39,47,37,24,34,162,65,43,87,136,168,67,52,79,33,44,3,56,64,133,67,163,69,100,102,75,170,159,88,26,19,25,61,75,98,65,89,76,262,102,28,137,185,37,42,56,15,6,38,56,99,157,18,85,46,51,44,105,49,91,113,145,25,8,63,161,184,92,90,167,55,37,32,163,133,359,101,17,22,94,63,93,41,54,20,28,64,47,55,92,34,137,52,100,60,43,21,5,24,92,66,97,55,83,57,65,108,145,20,60,21,13,58,103,126,226,64,64,19,64,29,34,67,151,54,24,56,99,55,146,171,141,125,50,7,49,66,44,60,138,47,64,28,72,41,98,43,102,34,120,34,35,32,88,199,176,70,34,50,40,45,202,190,231,264,138,54,68,34,143,186,161,71,73,24,19,62,169,110,24,49,62,86,108,136,267,148,27,53,123,115,65,59,87,93,92,48,69,38,36,37,82,31,14,37,8,18,33,34,12,62,14,48,93,3,54,41,39,75,159,40,52,13,23,65,87,57,22,40,9,56,57,56,114,168,321,70,115,54,66,34,60,115,153,60,112,25,91,64,160,170,86,49,14,15,40,28,134,112,169,48,66,93,88,69,72,84,83,55,221,96,85,32,121,91,195,60,167,25,87,64,171,228,84,143,254,38,39,46,113,65,212,101,103,53,96,75,96,183,196,121,146,55,15,66,180,217,262,65,37,20,28,31,51,60,118,109,160,53,51,33,20,122,142,110,153,21,52,32,52,157,143,32,134,34,12,71,195,175,92,45,117,37,85,58,127,164,98,56,70,66,79,62,34,86,161,57,33,24,35,39,146,186,181,76,114,14,38,43,68,39,113,63,71,105,24,51,130,149,119,90,282,45,55,28,103,248,169,83,71,86,119,138,89,74,56,117,202,67,78,108,102,63,104,854,4542,6958,7075,7531,5869,4638,3682,1929,1237,72,279,201,642,376,297,210,362,212,88,456,1056,704,60,170,708,164,251,328,688,750,435,129,138,64,219,153,187,413,402,495,560,65,137,128,138,248,152,172,288,20,21,23,191,329,414,147,150,62,109,100,229,367,428,356,311,17,37,67,235,387,399,154,165,31,16,75,231,291,292,178,373,61,121,82,114,232,367,101,178,51,36,44,76,177,311,190,274,97,111,105,146,185,330,156,106,67,65,87,196,233,281,160,78,28,18,49,133,102,132,169,229,39,91,73,55,55,80,97,229,63,24,38,135,168,194,116,160,14,106,51,138,111,65,73,92,4,28,46,227,192,187,142,132,59,100,71,116,84,69,149,228,27,109,79,76,45,181,16,34,16,21,45,21,99,204,27,116,9,55,96,214,151,140,35,241,93,117,111,113,135,158,69,138,29,32,77,196,203,48,38,71,22,99,116,66,72,201,58,104,59,34,37,38,165,303,28,106,38,47,72,247,172,2,64,170,44,64,45,66,73,48,80,109,39,55,54,237,226,101,88,21,48,7,26,69,34,231,46,99,18,47,66,152,132,110,29,8,49,83,29,100,75,143,61,138,31,34,51,99,41,179
4,4.671596,47988,7610,7529,4711,118,40,1021,268,16,128,102,12,67,33,71,54,21,8,29,55,74,125,73,51,68,180,121,146,94,140,39,20,105,197,110,115,99,50,63,132,96,65,55,44,25,74,33,101,59,97,115,126,68,102,48,92,78,112,77,72,55,31,74,89,166,192,118,161,68,54,8,18,10,35,51,102,32,112,34,20,63,98,60,38,57,64,39,92,69,85,87,62,47,41,94,114,91,130,81,60,3,53,23,16,22,51,54,105,51,58,30,4,45,57,73,59,52,106,10,27,29,79,69,28,62,89,51,81,36,109,141,133,69,38,21,48,33,70,102,101,45,112,27,4,24,50,91,48,83,154,75,82,63,80,90,152,79,109,69,59,66,127,159,147,171,119,42,101,45,19,41,83,62,79,123,61,30,68,71,74,110,115,17,42,51,125,98,115,71,73,26,22,29,120,96,134,50,154,36,94,122,86,92,127,84,14,60,21,49,109,121,73,139,142,51,31,59,54,49,82,57,21,11,29,34,32,24,109,84,65,36,16,61,213,153,64,77,10,4,1,22,86,119,124,132,87,20,54,50,62,73,102,62,213,44,32,79,165,123,265,46,40,22,58,64,50,27,26,46,75,22,64,48,146,107,82,94,95,43,94,35,58,64,128,49,84,27,25,8,72,55,64,58,40,29,37,11,26,62,53,20,64,36,26,62,81,100,128,121,63,20,92,76,80,11,70,63,74,29,101,42,114,93,152,31,122,18,37,72,120,61,3,42,110,30,42,54,189,170,138,130,113,56,62,34,62,44,33,51,87,87,65,29,31,15,43,72,70,29,40,28,149,54,22,37,91,21,19,40,17,42,129,44,95,67,77,49,129,111,91,102,79,26,18,3,262,116,63,55,74,35,73,14,190,200,142,83,23,7,34,27,57,82,97,31,116,28,18,45,136,102,14,104,71,15,24,54,141,173,122,72,173,13,28,57,142,93,151,94,53,62,26,50,89,22,63,46,33,57,36,37,77,34,76,38,34,7,23,11,29,21,51,51,85,24,55,73,94,110,61,21,80,16,29,74,117,58,130,46,28,28,40,10,16,21,35,53,49,30,62,89,146,60,49,15,36,26,71,64,35,85,50,16,42,73,88,79,109,30,35,45,61,9,15,39,47,103,104,75,111,44,33,69,137,67,117,80,43,48,44,49,141,114,111,99,18,28,43,48,94,42,11,17,25,78,86,87,239,167,59,46,79,106,97,110,73,58,158,86,100,56,29,54,69,11,52,57,26,22,53,31,46,36,32,97,126,19,59,56,35,65,78,47,57,8,3,31,49,7,54,62,38,50,29,53,66,68,84,91,170,94,87,42,48,77,34,48,31,39,53,76,89,68,50,67,40,51,59,16,105,95,37,41,96,101,82,46,26,67,68,55,137,113,54,25,70,34,69,53,66,42,100,78,125,114,101,154,262,33,20,56,118,94,89,43,145,66,76,29,91,77,87,79,98,76,56,47,145,166,113,26,30,18,17,29,65,60,40,135,145,14,26,12,33,91,154,129,125,86,46,43,53,129,138,52,45,13,19,80,160,134,79,55,161,37,92,71,104,78,40,265,49,71,90,72,38,14,16,73,33,60,60,13,119,135,107,125,129,31,42,41,14,122,170,57,85,71,44,27,83,106,45,142,197,32,58,34,106,198,210,70,96,86,153,81,32,99,124,70,103,68,96,131,99,56,51,819,4708,7526,7607,7085,5510,5718,3833,2487,1493,61,333,353,552,101,295,137,297,233,95,440,788,381,40,230,596,208,261,349,706,604,460,168,44,113,172,145,208,394,472,535,559,77,154,156,239,236,206,209,317,39,12,27,185,279,315,188,136,71,74,118,190,282,373,313,225,30,13,67,173,232,369,173,134,47,47,89,205,265,310,183,277,63,123,140,124,163,240,108,125,29,39,42,76,60,110,98,199,76,123,109,81,52,158,126,147,102,54,72,170,108,91,144,71,51,44,44,84,88,84,110,150,45,73,68,33,30,40,62,147,90,63,30,10,94,145,168,173,139,106,80,164,97,96,110,72,9,24,50,176,121,142,169,173,120,96,85,133,74,54,86,150,29,86,87,54,96,177,41,35,40,22,54,43,30,61,49,57,57,79,116,154,80,36,65,202,46,73,92,106,136,187,48,66,41,50,278,116,93,82,14,81,40,70,40,71,61,24,29,164,89,70,34,31,45,123,94,145,14,33,87,163,71,48,57,127,79,71,18,63,64,42,89,72,18,38,57,249,138,43,78,42,44,7,40,31,11,80,21,81,37,28,74,125,101,85,48,33,40,8,57,92,94,60,56,37,25
5,4.59655,47635,7535,7302,6717,118,56,1365,50,33,10,10,8,13,11,19,80,111,50,46,148,274,237,103,128,166,17,56,77,139,127,90,69,93,123,132,38,142,137,50,32,62,86,83,72,176,141,104,133,115,64,64,77,166,181,91,83,26,49,53,143,288,252,147,62,88,57,44,16,116,213,146,38,105,17,45,50,60,81,58,71,56,88,99,24,132,125,71,101,52,50,67,78,206,183,60,58,90,88,63,39,33,135,119,25,47,38,19,51,110,48,15,141,60,47,6,9,116,75,93,155,77,87,79,69,216,114,137,64,72,52,45,71,236,290,26,60,24,44,54,97,124,39,11,147,123,112,118,74,161,201,122,57,54,37,35,73,227,295,137,109,18,72,56,43,137,157,77,122,177,81,38,27,109,154,174,167,102,78,58,140,249,219,76,85,85,34,41,86,108,109,90,77,35,64,113,130,85,229,133,125,16,55,33,81,90,93,68,201,97,37,20,56,115,77,65,46,40,55,55,17,60,58,67,104,23,32,65,144,309,262,93,40,26,38,57,34,104,120,77,88,68,51,21,39,153,179,76,130,178,56,63,94,163,113,24,83,30,10,19,263,79,163,141,78,95,94,87,123,258,235,73,54,63,111,93,30,65,115,52,27,95,55,45,12,74,215,117,89,34,29,16,30,3,93,45,19,68,19,43,34,74,46,67,81,138,138,98,75,191,277,178,78,122,115,86,49,201,106,95,75,46,28,260,64,120,23,81,64,113,57,77,64,293,281,121,136,19,20,23,29,94,36,25,39,116,76,70,37,34,76,7,44,68,70,31,111,165,124,79,110,46,49,35,16,63,112,72,82,107,86,69,36,214,174,108,39,70,72,41,9,104,133,8,58,4,26,66,47,273,165,68,81,90,29,4,37,82,90,89,31,79,38,29,53,104,103,41,129,45,48,25,69,240,130,64,144,36,26,48,132,214,195,157,91,41,44,57,43,36,61,106,38,96,79,90,88,108,71,87,61,75,27,49,45,7,101,55,69,262,62,69,123,193,158,101,80,11,17,56,113,206,211,75,109,75,84,64,47,19,144,57,72,84,118,112,111,209,175,14,119,55,34,94,56,79,98,71,30,26,93,111,108,142,29,70,28,94,55,57,34,193,186,131,141,112,34,45,58,195,200,134,6,73,52,42,123,210,145,139,28,27,63,34,89,169,16,12,69,28,109,123,128,321,197,55,110,125,91,109,42,89,135,39,48,59,44,68,81,92,41,60,15,23,19,19,30,48,36,42,133,49,72,60,7,37,56,73,30,54,47,56,93,77,45,261,23,86,65,45,74,167,294,185,54,87,115,58,45,42,132,87,32,48,69,54,75,116,96,77,58,63,33,35,71,124,51,42,80,82,77,62,60,100,140,54,126,172,27,12,35,95,175,99,6,16,81,80,123,223,144,108,196,129,12,22,58,146,309,35,126,59,72,101,10,201,294,123,131,95,44,68,87,308,332,61,48,28,35,2,2,72,160,102,120,29,26,53,54,70,64,68,131,97,64,78,21,110,75,66,42,149,105,48,101,194,103,51,51,95,89,84,27,104,65,47,60,39,53,46,64,256,111,67,70,78,69,23,62,202,149,65,121,75,20,17,68,99,37,10,35,127,101,80,38,160,28,48,158,138,47,47,77,237,191,87,29,124,86,47,49,39,70,84,77,86,48,99,93,41,31,187,2298,6714,7299,7532,6671,4359,3435,3687,2741,531,479,444,352,483,62,91,304,424,233,182,751,991,198,84,420,564,255,250,442,892,732,247,162,49,213,183,134,285,329,362,689,248,168,160,134,398,341,131,204,248,21,3,126,435,543,245,137,148,139,98,138,431,520,343,297,115,26,55,144,397,389,232,147,108,64,73,133,395,434,216,210,205,145,133,90,248,386,138,89,176,49,41,39,165,260,143,92,211,106,85,114,161,357,155,105,119,56,54,141,291,314,153,65,78,35,28,87,217,156,132,211,184,74,94,33,120,98,64,114,148,18,51,57,228,225,113,141,108,273,90,99,161,5,53,45,71,8,27,128,299,272,137,113,89,81,84,99,203,160,103,102,187,68,92,73,112,176,74,58,41,61,11,20,63,158,51,60,100,35,45,142,207,66,98,54,133,98,95,33,102,147,81,110,47,13,40,96,136,53,40,38,275,53,69,22,133,117,70,39,91,60,15,35,146,319,128,9,55,80,33,105,202,135,40,84,117,46,50,67,74,31,30,29,26,35,61,105,273,197,85,119,93,25,32,72,111,227,123,110,18,52,70,142,221,178,27,66,75,64,68,34,144,53,99,32,53,79,79,92,62,85,74
6,4.652834,47660,7079,7130,4947,118,52,1273,30,14,7,35,27,68,60,39,101,243,29,11,26,195,251,172,90,221,36,24,82,167,139,102,62,47,33,110,25,134,198,7,47,95,33,79,50,138,149,123,14,180,39,53,36,147,171,156,92,122,28,36,96,249,245,220,77,141,44,23,15,46,136,106,30,222,4,13,41,120,68,58,51,80,34,82,33,96,120,88,98,58,24,67,73,120,207,94,83,166,73,73,55,90,81,145,36,11,35,16,16,62,39,20,96,176,27,25,14,72,172,51,89,157,42,79,17,152,132,66,102,104,39,53,10,135,84,115,81,60,13,42,68,166,70,84,102,185,65,114,70,98,108,184,59,124,38,31,81,144,209,258,91,86,25,66,12,86,152,103,115,182,121,87,40,101,104,207,154,165,47,58,105,145,189,151,63,171,21,34,61,141,115,113,64,72,42,71,67,276,168,194,44,65,43,36,23,104,70,34,141,155,24,11,46,67,106,52,106,63,42,48,39,37,34,102,119,115,15,52,82,230,294,153,36,93,17,25,26,68,72,45,96,73,62,30,12,120,161,116,104,255,67,60,31,163,185,62,65,87,22,10,269,105,106,247,37,117,44,112,64,198,253,171,57,94,22,54,67,114,45,54,76,137,25,42,20,70,108,166,48,26,24,20,13,13,34,103,27,64,23,58,43,46,53,58,29,188,70,82,27,143,204,257,98,73,39,88,41,141,64,15,37,49,21,1,1,70,72,79,52,191,54,77,24,199,236,198,132,96,9,9,39,25,77,62,30,72,34,43,7,32,46,55,27,119,50,45,56,146,139,103,119,47,32,38,63,87,72,135,72,124,14,77,41,127,216,183,96,54,31,31,58,88,141,58,56,36,14,110,64,208,191,52,16,55,29,17,18,93,119,142,46,108,14,20,40,105,79,28,82,154,41,9,68,199,199,45,110,140,23,39,82,216,151,333,124,67,28,49,35,90,48,79,16,61,66,85,85,95,71,75,50,138,43,23,23,43,23,77,57,276,57,99,14,81,165,119,31,70,16,52,87,108,135,196,59,47,20,71,36,26,71,145,107,33,79,116,81,166,205,124,142,57,20,94,103,16,75,70,22,35,42,78,107,139,116,65,62,121,28,41,52,129,220,156,101,120,25,13,76,157,160,253,40,153,40,24,62,195,193,116,63,45,31,23,24,141,97,26,47,85,74,85,150,269,141,76,96,103,74,81,44,73,85,92,55,63,29,52,34,114,95,15,16,35,38,31,59,75,82,52,103,107,21,64,6,32,41,142,30,20,8,16,75,97,5,259,7,57,36,30,38,79,144,299,26,78,49,21,53,43,52,92,28,143,25,60,39,164,184,93,60,50,30,71,30,140,96,110,95,70,43,40,44,81,98,29,87,234,65,34,57,121,112,181,19,151,30,75,56,155,216,41,138,228,16,11,77,66,269,210,75,131,40,75,45,102,202,215,140,125,74,67,95,160,222,165,47,29,16,10,5,51,87,138,85,153,38,39,33,31,90,65,155,130,38,61,17,68,101,95,60,177,83,71,57,152,157,104,38,175,28,81,50,135,163,79,70,36,47,79,36,35,66,92,67,59,56,35,27,144,140,117,59,89,23,31,51,116,18,120,104,133,76,51,47,137,124,101,133,247,36,58,58,141,219,110,8,85,49,67,86,46,91,77,104,157,67,77,60,53,83,88,1107,4942,7126,7094,7472,5614,4335,3416,2728,1235,202,407,420,651,402,37,489,569,234,143,599,1133,744,114,189,653,167,217,355,761,771,288,153,118,67,143,105,238,378,307,646,513,82,119,82,233,335,116,231,304,24,15,46,195,289,305,145,218,72,82,63,210,332,449,361,322,19,19,76,238,366,335,166,138,27,269,115,218,245,278,214,364,56,118,65,121,232,244,82,189,27,18,29,86,144,247,111,273,65,75,69,132,155,211,107,122,53,38,24,162,274,279,106,80,58,34,44,125,102,168,183,171,47,72,28,57,89,72,72,187,70,42,34,144,132,139,137,121,257,61,31,188,81,33,41,72,15,24,79,234,244,207,186,190,79,61,56,143,78,112,105,199,21,67,49,63,84,114,32,52,46,72,13,51,98,161,54,156,37,37,63,243,108,119,77,232,34,67,79,80,117,100,53,151,9,16,82,194,164,29,66,272,43,82,6,58,52,70,41,93,74,26,17,27,156,157,29,119,7,26,77,203,163,63,91,153,34,59,25,92,84,32,65,61,27,52,101,256,241,95,124,34,25,30,24,74,16,188,60,85,9,31,113,192,201,88,72,63,47,78,18,120,79,89,2,147,44,78,135,149,44,147
7,4.671596,47695,7063,7356,7107,118,48,1174,258,17,65,60,49,52,64,25,8,77,80,36,36,116,221,252,129,143,107,38,52,109,141,135,105,111,61,92,98,66,165,108,67,85,14,37,30,109,201,149,103,70,52,67,60,44,168,178,96,21,55,107,106,127,229,172,106,61,80,31,47,55,104,282,157,20,102,22,57,105,131,38,116,161,30,77,74,58,123,94,5,81,34,70,96,134,168,134,36,25,84,28,35,154,92,165,141,42,33,18,35,36,106,33,48,78,13,18,22,50,148,127,44,108,56,56,60,56,161,41,54,83,18,39,57,83,274,90,25,40,49,21,20,63,58,32,28,154,79,102,103,132,175,223,177,89,50,59,74,161,262,228,124,61,38,60,75,74,132,187,84,132,138,76,83,58,111,99,139,180,45,38,60,150,253,252,104,109,41,34,61,89,129,89,110,88,29,89,98,14,143,225,173,137,42,15,26,75,125,131,53,179,95,40,38,64,155,121,83,61,33,42,60,26,43,45,93,98,11,12,47,179,314,282,142,55,48,23,26,41,147,70,92,84,25,52,30,40,110,223,106,118,102,41,35,30,100,89,33,100,37,45,58,34,22,100,129,25,76,55,48,77,190,261,137,62,44,56,48,93,104,90,78,57,61,29,13,46,118,112,74,47,49,35,18,18,11,85,45,56,57,57,58,73,109,63,33,19,63,59,52,71,158,215,133,56,59,30,46,81,119,21,17,92,27,27,38,67,86,69,17,84,91,74,91,82,272,201,108,138,35,41,24,18,59,67,97,58,76,78,66,52,47,39,35,84,110,75,71,168,170,65,66,135,23,44,40,101,136,94,59,108,111,49,44,106,249,194,115,74,25,8,22,62,88,174,68,82,41,19,41,139,303,148,54,94,31,28,30,28,53,100,45,9,52,18,24,123,152,88,60,21,9,26,29,122,197,100,50,84,52,13,19,66,135,152,197,73,33,14,38,78,69,71,77,26,101,58,54,65,56,50,39,35,27,24,40,86,69,52,54,258,40,67,33,26,118,176,109,28,12,31,47,62,84,150,57,42,27,19,30,14,39,79,28,33,50,49,55,162,241,190,83,121,59,55,74,78,79,111,109,54,17,70,104,162,228,72,57,40,56,49,57,59,198,202,56,77,54,81,95,158,245,220,291,78,64,28,20,102,191,154,131,89,71,65,37,62,120,78,10,23,65,94,103,192,280,46,72,181,109,94,88,96,127,112,70,107,82,49,55,76,78,73,55,33,48,15,25,53,53,45,34,102,9,55,59,48,57,86,59,9,9,39,28,107,32,261,40,40,101,46,44,52,151,205,164,51,65,70,64,84,48,74,39,52,49,71,82,36,99,104,65,38,12,19,8,66,152,17,39,41,59,54,52,18,48,49,43,125,126,50,6,131,174,237,148,58,19,63,79,43,177,117,75,181,63,52,54,87,121,200,123,141,8,72,80,30,125,155,80,115,27,61,87,133,261,269,147,70,45,37,62,55,101,138,123,84,39,22,14,69,115,111,126,148,32,45,57,61,163,87,96,80,74,88,77,116,123,74,21,20,48,66,83,59,177,125,13,54,49,55,55,34,52,144,122,64,67,13,29,88,213,190,146,106,23,12,15,7,119,117,30,94,91,40,26,71,181,66,62,232,121,20,28,90,306,187,57,88,107,83,95,112,47,52,112,110,75,80,94,84,114,95,176,2630,7095,7344,7051,6865,3340,4588,4418,2056,319,254,276,776,993,300,304,480,230,107,235,612,835,415,181,248,283,145,190,432,818,645,269,160,100,77,67,147,476,431,322,661,240,100,107,180,440,287,138,313,142,59,43,138,341,310,200,205,139,81,66,164,321,307,325,349,134,52,57,179,356,262,148,120,77,43,103,149,309,217,177,226,161,84,103,113,243,258,133,90,92,35,25,49,141,219,110,145,142,95,95,129,135,240,159,124,63,55,51,178,317,282,153,159,75,29,20,118,177,113,136,181,104,54,59,27,35,99,69,133,113,61,50,79,183,199,114,113,277,65,45,96,113,32,54,75,45,25,38,196,332,297,150,191,131,71,61,130,161,117,100,112,100,68,86,61,103,204,133,71,30,14,17,18,55,181,93,61,48,52,56,81,132,66,57,62,120,49,68,98,151,126,77,16,25,26,21,54,137,84,10,46,69,38,43,34,132,135,56,58,65,64,30,47,79,286,174,87,67,21,50,171,247,121,65,63,42,12,28,65,104,87,114,92,17,8,20,178,323,242,108,79,55,13,35,62,69,189,98,15,42,37,53,116,145,191,71,23,68,63,60,58,97,70,74,36,43,17,45,113,109,44
8,4.634073,47699,7560,7467,7146,118,36,889,31,141,55,48,43,47,48,26,22,23,19,28,35,107,213,138,129,118,30,39,50,177,258,93,155,47,45,53,102,25,74,38,33,46,43,21,84,45,181,161,104,153,18,31,72,68,134,76,97,21,21,63,58,136,171,122,137,55,116,13,13,19,58,73,111,67,62,17,29,37,99,21,53,104,47,45,65,14,97,63,79,30,29,46,94,82,74,92,58,53,90,74,50,19,49,82,62,56,40,25,1,40,131,14,56,48,5,11,8,28,70,82,78,195,31,29,55,15,143,136,110,107,35,33,22,29,68,44,78,51,18,26,39,45,146,116,26,95,50,51,82,82,80,111,103,112,35,80,69,84,175,115,175,283,40,32,58,34,4,14,20,54,115,92,73,27,108,119,212,213,76,29,40,60,126,112,79,86,21,25,60,85,128,73,90,52,56,32,128,106,127,94,148,170,82,19,12,51,79,107,101,196,84,32,52,25,30,15,136,47,29,11,28,22,12,22,112,127,45,17,19,93,209,138,120,95,8,25,38,70,70,104,134,185,58,24,24,53,84,113,109,149,53,91,53,91,164,116,56,138,50,24,260,65,45,61,136,73,68,32,82,96,175,154,103,99,66,51,39,31,53,48,95,107,61,23,34,62,72,18,30,140,31,7,50,23,60,78,60,37,30,12,35,100,104,91,121,80,66,43,82,60,97,68,148,58,96,17,49,20,115,106,98,90,55,23,50,39,28,99,127,20,65,64,73,70,259,154,231,214,18,15,52,52,82,11,66,58,63,92,76,19,103,44,48,75,75,75,11,68,142,43,38,60,65,43,24,37,37,113,100,32,65,54,55,8,121,124,93,14,80,23,22,33,120,116,64,52,7,48,69,53,155,103,165,141,20,24,30,28,98,85,81,10,73,22,51,52,82,85,36,99,15,6,32,62,154,167,82,154,50,12,22,84,155,112,150,41,35,12,38,72,38,122,102,29,88,102,70,92,53,118,104,37,59,47,21,31,4,86,54,283,7,39,37,44,151,122,35,45,29,17,25,84,67,46,62,38,16,49,19,11,62,74,76,135,69,60,52,90,133,33,74,51,54,16,35,61,43,68,127,72,14,56,86,39,58,7,48,70,69,20,74,45,154,146,86,75,74,18,21,60,124,82,72,77,57,8,6,82,168,110,119,14,41,62,39,31,135,61,53,34,85,87,87,173,255,122,46,116,102,90,98,59,33,81,132,72,51,35,56,55,105,60,39,82,26,37,21,77,134,34,103,192,18,31,62,26,21,45,13,18,9,51,55,60,81,265,56,126,79,60,49,34,82,40,47,150,84,99,101,42,172,54,89,73,15,29,34,77,115,77,90,45,29,8,57,25,68,10,57,32,37,78,52,33,38,74,88,80,106,67,46,88,102,38,101,109,16,32,81,65,130,114,91,184,59,23,11,41,257,100,43,89,9,48,84,17,142,108,136,135,72,74,53,60,180,160,58,49,53,4,29,49,49,87,61,145,15,46,45,60,41,85,64,78,37,43,32,53,109,12,61,28,92,96,66,79,138,57,64,101,75,31,98,61,94,127,106,155,2,27,50,257,76,67,82,118,67,29,68,53,169,116,10,216,55,10,100,76,103,158,110,27,94,92,52,32,144,67,33,142,36,71,58,14,95,120,102,55,105,105,110,31,69,124,74,118,77,75,73,58,30,33,271,2387,7151,7472,7565,5946,3106,5998,4973,2542,496,209,280,367,420,147,180,380,202,231,136,575,860,300,347,289,309,148,174,393,760,583,399,237,121,85,154,89,270,435,552,729,179,90,131,148,181,183,225,363,172,5,17,81,256,258,244,152,154,111,60,100,169,231,372,298,63,67,75,77,225,217,256,168,88,48,117,134,200,137,193,208,126,54,118,99,104,174,88,109,145,40,24,10,55,112,90,95,125,63,75,34,15,114,112,81,68,33,6,24,125,90,145,23,40,37,32,44,73,49,62,134,100,49,72,25,154,138,41,131,37,12,3,44,139,62,149,225,258,68,67,102,238,77,100,45,87,25,51,85,175,145,121,100,61,71,72,117,181,95,78,102,135,37,62,21,27,126,92,74,27,10,45,13,32,59,131,31,38,17,32,125,175,53,133,55,55,34,49,68,44,98,134,75,39,24,39,70,142,140,83,33,51,14,24,17,120,111,25,96,99,72,26,72,176,75,172,120,30,16,27,60,86,58,65,176,43,72,27,43,13,31,65,45,50,27,12,118,222,99,96,58,84,8,16,21,37,55,56,74,52,27,12,115,214,172,28,97,73,19,84,27,76,23,263,26,61,63,76,57,143,54
9,4.671596,47712,7303,7491,6013,118,40,982,39,152,17,40,36,52,39,16,63,62,129,41,22,87,171,172,156,169,153,24,16,87,167,134,102,96,77,11,32,33,95,76,38,74,74,31,29,88,179,132,80,99,96,51,21,41,98,104,102,104,52,30,40,104,148,174,112,85,144,32,12,8,81,60,98,100,124,23,21,40,97,66,26,42,66,10,20,46,118,93,54,23,31,23,38,82,154,145,62,44,156,47,61,25,23,43,143,95,86,34,24,62,135,29,36,97,110,9,19,11,53,127,72,147,118,11,11,35,139,186,151,104,88,10,12,34,119,92,56,71,61,22,27,56,129,91,28,94,140,85,92,102,108,128,59,18,37,55,72,96,207,132,86,181,80,17,11,58,73,63,27,7,105,104,70,14,121,89,152,169,65,66,24,95,144,112,101,100,24,6,16,76,115,50,88,42,96,16,40,104,138,71,125,150,36,30,24,44,105,128,106,193,104,44,18,38,56,29,87,106,38,64,34,48,12,37,90,114,51,30,2,115,220,151,110,103,48,15,15,51,116,98,58,109,17,55,26,24,60,116,92,128,177,109,83,47,120,152,83,88,26,1,260,53,62,63,104,100,91,10,22,121,180,118,63,67,70,30,46,11,45,40,86,90,102,19,12,23,51,21,38,54,41,31,5,35,87,109,18,18,41,4,21,27,112,124,103,97,98,34,6,63,105,47,51,66,119,28,20,28,138,107,69,69,32,24,47,69,84,54,123,152,146,74,11,62,229,211,144,251,86,29,35,23,110,72,3,32,38,37,53,11,73,53,88,70,61,68,32,104,117,50,28,53,103,52,56,54,49,103,145,59,118,14,18,68,141,97,69,30,28,11,13,37,116,115,41,39,269,56,37,54,187,164,144,146,10,47,43,38,101,96,67,90,115,25,15,75,154,147,21,99,39,11,1,59,189,180,118,62,107,15,22,66,163,109,161,120,63,62,48,40,63,39,83,117,72,33,62,80,25,86,124,69,50,25,25,59,29,43,25,103,31,29,3,39,124,141,52,45,62,5,33,83,143,85,115,89,19,13,4,13,24,35,44,64,14,69,55,91,134,61,29,114,35,15,60,95,62,95,45,47,98,14,30,79,133,25,102,123,85,4,16,45,211,114,43,80,58,17,4,109,147,95,35,43,56,28,24,73,149,103,75,100,24,67,43,16,99,42,26,154,35,77,67,150,275,174,33,47,64,60,69,37,51,61,74,87,35,29,18,72,103,59,28,48,7,39,6,46,103,53,51,122,30,4,24,64,88,60,77,43,32,40,52,85,97,64,100,50,79,95,59,28,82,63,49,54,84,85,75,59,126,52,125,126,56,27,41,47,109,118,90,48,30,26,29,16,111,63,71,125,53,45,58,26,63,59,54,101,167,22,1,67,86,24,73,96,58,11,31,38,133,153,82,189,183,8,11,17,262,56,17,22,103,12,26,33,129,94,98,122,41,79,56,63,188,125,15,67,63,9,12,56,48,75,57,70,71,61,28,9,22,72,107,131,104,72,57,18,98,82,56,8,78,87,76,69,170,54,50,138,102,60,22,8,112,130,45,148,28,33,10,5,50,50,16,75,40,90,62,29,171,121,17,101,52,32,12,45,57,134,126,20,138,76,56,30,150,68,38,119,194,42,43,71,190,139,107,89,127,72,93,27,18,110,126,105,98,65,88,53,31,59,129,1589,6012,7490,7302,6558,2730,5226,5644,2999,915,120,175,397,540,71,385,421,159,282,111,394,820,417,135,304,491,112,115,339,629,600,382,178,74,25,80,23,233,379,379,632,387,23,38,147,315,232,210,330,314,30,17,96,276,302,225,204,192,64,33,109,244,239,292,303,159,57,41,91,268,182,246,254,132,23,63,136,258,186,162,187,277,30,67,100,203,110,124,102,214,18,25,12,57,106,93,96,208,23,43,31,43,65,111,108,101,37,30,89,170,126,107,89,89,22,35,82,130,38,13,114,164,20,23,14,88,59,53,94,162,49,36,39,118,124,110,167,272,81,88,52,188,98,47,29,39,47,41,143,207,158,74,85,113,69,25,80,194,109,53,90,164,19,16,42,51,110,104,62,48,28,21,31,41,65,79,89,85,15,22,78,144,104,46,83,153,64,35,22,24,101,159,96,41,18,2,33,95,126,50,20,107,17,36,38,125,46,39,111,137,78,68,25,165,83,134,150,106,37,15,82,133,91,42,140,146,41,33,33,97,21,41,53,53,24,10,94,252,183,91,10,56,37,36,46,50,54,66,27,50,29,8,106,165,142,55,40,109,25,28,48,133,70,256,148,81,53,79,131,195,19
10,4.671596,47675,7474,7515,4228,118,52,1267,267,116,82,87,71,52,50,47,24,144,28,49,22,149,249,239,105,109,26,15,60,147,166,73,98,26,26,78,65,84,170,62,56,38,70,16,30,152,133,75,44,127,22,36,64,134,185,199,78,72,27,59,81,193,209,173,77,31,34,39,22,48,81,261,112,104,34,21,36,113,87,157,126,125,39,68,48,122,162,110,42,51,39,49,76,82,120,87,31,68,23,17,44,77,73,215,77,38,53,6,30,60,140,56,63,172,17,43,60,93,133,80,127,134,15,38,37,125,155,67,108,27,50,30,74,61,271,77,105,111,25,19,18,77,107,54,72,182,12,38,90,99,143,149,41,163,54,42,30,136,195,153,162,189,37,29,31,103,116,60,60,51,60,51,36,74,104,179,180,237,44,44,54,134,206,144,29,98,22,5,16,105,77,99,64,118,25,7,60,28,156,327,112,28,63,51,35,97,78,86,71,139,12,33,38,59,108,56,49,37,25,32,37,33,40,97,121,114,47,30,41,189,268,163,52,61,26,18,15,41,68,12,95,62,32,27,46,84,169,217,96,204,44,38,17,109,166,138,13,102,8,35,65,91,105,192,79,109,34,40,55,135,205,213,116,110,35,53,53,124,65,132,105,77,58,51,19,56,106,206,69,168,15,5,29,92,69,179,69,56,40,40,44,67,33,38,41,77,25,56,79,144,198,239,106,94,21,40,41,133,128,115,116,101,10,17,27,66,31,125,36,32,55,41,37,204,204,151,149,107,20,22,33,66,39,108,52,88,117,110,71,51,55,15,90,111,93,72,56,164,149,49,14,40,13,5,11,64,30,146,11,148,104,73,39,95,182,129,67,48,52,41,58,55,102,65,84,70,257,27,20,164,179,70,115,42,63,29,23,39,88,140,14,112,21,22,4,85,23,214,70,138,16,19,80,204,185,71,64,249,23,49,35,147,109,266,105,44,46,42,42,78,17,35,81,33,57,36,63,83,36,33,51,61,19,25,14,35,31,85,99,296,67,41,37,48,119,120,48,105,16,21,15,74,78,146,24,59,19,35,4,41,107,142,80,116,16,46,72,143,216,92,44,101,35,34,64,51,114,156,54,58,22,28,68,88,56,100,16,32,24,31,24,76,160,99,71,87,61,47,82,136,164,155,261,123,56,23,10,135,196,147,97,31,28,39,38,133,148,20,20,64,102,92,130,225,188,66,114,107,95,115,97,88,104,27,77,74,79,56,35,106,95,89,56,13,62,25,26,21,45,39,130,172,23,40,43,15,38,110,19,67,22,41,34,66,72,105,55,141,34,46,18,94,108,258,68,168,51,60,37,60,119,138,12,130,37,43,30,127,131,99,79,25,34,21,21,108,87,167,54,93,95,109,59,17,20,42,100,162,125,99,29,133,172,185,30,71,28,37,68,150,180,67,130,183,70,64,22,100,71,197,30,147,45,60,41,126,219,195,111,78,86,70,50,138,198,191,9,49,22,9,17,61,74,163,155,188,18,13,31,52,91,149,86,142,44,38,47,80,107,147,37,30,58,43,41,189,180,30,63,78,33,40,41,89,108,69,150,111,22,34,43,268,40,180,115,69,45,71,26,110,140,177,124,149,11,41,47,42,14,99,43,34,115,67,3,150,169,72,69,252,66,45,26,106,152,115,60,64,75,96,130,95,58,130,126,197,107,89,74,96,57,55,662,4225,7512,7471,7235,5241,3909,4103,3774,2067,239,135,300,599,400,390,167,352,417,287,179,813,678,119,211,435,229,182,249,593,728,457,263,172,36,113,102,73,206,246,473,706,128,110,118,155,230,176,219,302,71,31,78,194,349,346,200,162,108,84,120,246,341,347,369,401,24,39,46,210,347,324,178,178,76,20,92,202,252,251,209,395,82,76,112,128,216,362,84,118,106,56,35,59,138,261,134,189,46,71,86,63,160,340,143,98,107,77,79,186,262,234,131,22,71,24,44,133,193,148,142,154,50,36,72,16,66,111,90,173,72,39,14,121,204,211,165,188,76,87,79,114,114,35,39,83,51,8,66,205,245,199,140,114,53,35,66,125,149,129,127,145,41,30,59,71,84,229,78,85,24,19,21,68,40,155,21,3,38,58,118,187,126,51,48,134,20,43,40,41,101,145,90,191,37,38,59,170,136,29,14,257,80,49,63,33,50,225,19,151,45,48,44,29,192,350,103,43,43,28,89,184,208,16,87,79,111,117,37,55,22,63,61,34,53,38,42,207,212,64,59,146,20,17,21,63,50,219,83,83,78,37,55,107,184,177,96,77,13,18,62,102,75,157,98,117,11,17,68,140,71,116
11,4.652834,47711,7287,7249,5935,118,44,1028,260,52,18,41,19,33,36,10,40,43,145,12,38,78,162,154,160,158,168,55,13,122,210,119,103,49,32,18,82,55,93,53,40,20,70,65,78,15,205,159,87,81,49,18,26,50,92,89,115,77,36,55,39,83,161,122,125,47,127,42,35,37,70,270,74,33,140,52,10,33,107,97,44,25,36,2,67,40,68,54,22,76,44,42,67,64,86,97,91,68,125,78,48,22,53,92,74,22,62,11,24,72,200,45,20,43,86,5,20,13,53,71,51,86,70,24,57,20,144,159,138,74,48,17,14,59,157,75,43,28,16,5,26,61,101,90,49,92,89,40,64,54,80,102,118,38,90,84,97,101,238,144,107,190,85,59,41,38,127,59,23,31,106,92,51,21,110,79,114,123,136,68,41,33,171,90,78,73,34,32,37,83,83,77,86,87,156,20,94,101,123,70,129,79,78,7,30,29,126,134,85,173,147,58,20,10,18,64,97,60,75,59,60,36,42,52,41,91,17,52,50,60,229,128,134,89,25,37,6,44,140,126,59,69,41,38,48,17,88,46,98,120,225,109,59,52,181,115,77,18,55,31,256,62,95,38,67,69,83,52,55,68,189,120,92,62,81,47,90,22,91,21,50,7,128,46,68,42,27,19,34,29,45,54,12,14,47,87,43,18,24,35,38,55,121,109,101,39,102,83,98,66,77,55,73,78,181,24,82,23,203,146,87,45,37,28,31,46,128,6,63,46,144,32,52,36,233,177,166,163,16,46,11,21,62,67,49,35,49,35,67,25,21,68,52,50,25,67,70,45,86,31,38,66,87,63,50,50,16,37,105,42,48,50,44,29,233,121,87,44,101,29,16,38,46,141,41,33,61,89,80,41,231,161,114,113,45,36,26,20,62,78,78,55,135,19,16,65,202,99,26,61,67,69,22,43,141,152,106,75,67,33,11,56,192,135,134,57,51,24,36,50,57,52,124,106,64,66,41,57,56,80,94,7,85,8,15,21,10,25,6,268,29,40,28,57,155,132,89,8,62,18,9,57,161,66,107,47,25,26,42,10,73,18,68,82,67,98,84,41,169,46,40,65,64,32,54,78,19,41,42,23,70,71,79,135,201,19,33,44,77,7,47,34,182,152,90,19,50,7,22,87,156,73,9,55,39,53,33,66,179,112,125,72,28,90,82,26,95,36,58,64,72,146,106,128,292,160,69,45,67,106,92,61,29,51,69,86,103,26,22,43,80,85,41,88,19,43,13,62,86,57,56,114,17,11,47,68,117,59,39,66,15,25,25,28,102,14,46,38,55,69,67,27,85,54,51,37,100,136,68,73,147,81,64,78,76,8,36,72,147,53,29,64,51,46,45,15,169,62,47,27,31,76,49,51,29,44,80,56,122,16,25,44,117,42,89,49,59,49,62,50,147,90,51,137,136,27,18,53,280,48,50,27,70,6,53,41,42,53,79,120,136,99,88,43,296,151,104,76,47,22,17,55,38,78,56,86,14,7,55,38,28,79,98,70,109,45,43,33,94,12,36,64,152,124,93,66,217,132,29,94,123,31,70,61,104,57,70,113,25,18,20,261,58,26,58,48,88,86,68,10,210,137,41,134,34,46,18,57,100,133,112,84,153,89,90,32,88,68,25,129,139,62,74,55,179,111,99,88,136,75,50,40,73,113,91,30,50,25,59,73,77,7,104,1468,5929,7243,7292,6596,3565,6208,4963,2418,1184,433,276,471,741,198,203,211,368,378,153,419,940,426,161,326,569,128,175,342,604,460,397,125,121,97,184,123,207,320,411,513,371,64,124,162,338,252,274,326,315,19,20,70,270,262,281,172,178,139,126,118,239,232,305,283,180,47,90,92,254,222,262,185,157,37,62,138,279,205,177,194,301,30,77,125,210,126,152,148,230,35,35,24,30,76,121,85,196,59,81,26,34,72,78,61,121,72,80,90,199,125,102,100,108,36,37,70,204,37,32,133,159,41,68,31,85,101,56,76,176,19,23,31,119,89,107,164,276,29,57,58,171,83,46,41,97,43,15,59,209,104,146,181,69,33,48,90,225,111,74,131,245,70,43,64,42,98,163,41,50,97,55,35,61,44,91,40,50,38,34,83,162,77,53,98,181,51,50,58,23,138,146,22,73,22,5,58,123,48,54,20,79,19,32,24,174,107,11,87,217,102,37,56,151,120,138,96,94,14,29,37,130,45,47,114,132,70,50,43,69,25,33,88,11,16,20,112,252,101,56,82,75,15,15,29,22,41,75,45,55,13,34,98,198,143,90,71,85,36,46,29,181,79,263,39,114,52,75,78,233,91
12,4.690357,47754,7455,6985,7042,118,40,980,272,76,59,99,22,34,59,13,28,58,227,36,44,38,137,229,181,154,195,19,17,138,205,108,16,125,26,22,43,54,69,162,13,60,58,50,9,42,103,158,110,96,182,29,36,69,144,101,115,110,74,66,37,84,165,179,116,98,137,126,58,59,15,263,194,80,128,35,51,5,46,107,113,83,116,49,35,27,72,111,125,29,74,29,49,69,94,89,76,8,120,103,51,41,79,45,157,116,90,73,60,38,48,40,45,55,126,30,37,30,72,37,7,22,178,14,9,82,122,161,46,91,48,32,57,40,262,166,103,16,66,32,41,19,88,93,60,46,137,48,83,53,133,205,174,105,162,85,39,26,123,208,170,103,79,107,66,78,47,98,112,90,61,79,87,60,28,134,126,146,77,89,12,34,83,257,180,105,111,42,34,70,149,173,113,144,138,62,18,6,148,104,222,199,97,20,34,34,53,58,107,69,150,82,62,43,13,147,101,35,22,7,20,17,50,74,61,70,88,43,39,20,169,314,192,162,153,35,39,54,56,61,11,75,47,55,34,33,76,149,155,67,184,61,3,32,88,66,43,33,139,34,11,50,110,123,140,124,105,7,35,65,122,217,216,121,120,75,39,58,41,34,92,75,70,23,17,61,29,44,168,82,119,76,59,17,55,43,110,80,49,6,25,25,80,75,33,35,74,48,67,37,128,173,192,120,82,125,26,28,83,144,97,36,96,3,36,48,82,47,70,12,98,37,13,1,149,129,109,152,80,17,19,32,51,45,122,68,81,38,73,41,99,120,19,50,122,61,2,44,150,135,48,38,25,24,20,36,29,15,92,68,119,95,54,55,67,121,110,76,65,90,7,21,32,82,73,104,73,59,39,18,79,145,35,36,57,52,12,10,22,21,86,70,63,46,10,25,53,46,101,58,145,68,45,13,141,221,74,49,113,50,46,22,104,114,209,127,48,13,5,6,35,30,65,30,60,42,7,20,47,27,3,47,105,48,22,13,17,35,84,256,70,25,13,39,82,117,143,49,81,26,31,42,104,72,143,29,67,31,39,8,19,89,98,63,39,112,61,53,140,241,129,95,68,60,16,54,79,59,121,84,65,78,32,40,60,43,64,49,65,104,21,42,61,159,76,78,23,28,60,29,129,238,287,158,40,51,33,64,145,161,108,118,47,45,22,29,146,111,33,27,37,175,79,73,190,267,88,24,78,28,95,48,83,132,99,31,44,54,31,12,103,183,39,85,76,70,25,22,35,47,55,49,133,2,26,40,17,28,117,16,128,8,16,42,148,31,30,34,52,117,91,62,76,95,207,99,180,86,79,13,57,45,80,64,95,8,22,58,48,69,89,71,55,58,22,5,50,14,84,52,21,86,49,15,31,91,54,61,77,29,81,77,102,241,201,87,98,34,30,76,102,139,58,52,149,42,23,39,97,187,154,113,148,43,59,33,98,161,162,72,58,116,80,36,106,183,213,60,34,38,22,16,21,53,148,167,297,22,32,56,86,47,81,90,212,76,33,32,32,91,82,51,99,121,22,67,192,165,66,20,74,10,46,61,25,63,90,57,72,18,63,269,49,27,159,52,61,46,96,53,70,115,181,83,175,29,25,78,141,90,103,29,91,47,68,64,59,214,100,86,291,69,71,68,85,152,122,45,35,137,93,44,89,106,59,136,225,77,81,103,94,41,28,434,3107,7045,6987,7458,6105,2547,5692,3619,1035,759,6,285,489,780,236,56,508,603,200,216,874,766,130,273,457,183,126,239,528,680,379,231,281,130,116,139,111,235,226,404,634,110,97,141,125,85,56,132,337,78,48,84,188,234,211,152,203,84,79,58,181,223,275,334,358,43,23,43,134,264,178,157,102,277,50,70,180,252,179,183,337,133,43,83,94,161,274,104,176,59,33,59,85,83,193,164,213,26,62,55,20,107,234,148,51,124,38,52,153,243,216,153,99,54,30,45,147,144,104,141,270,60,43,62,16,89,110,60,146,62,33,13,127,144,111,110,109,81,79,49,109,98,23,78,22,50,11,28,179,253,183,160,169,82,67,48,124,144,71,99,237,99,31,49,31,17,125,71,40,49,68,30,23,83,175,61,32,30,49,56,145,82,37,77,157,37,23,37,50,61,100,49,146,25,10,34,113,82,57,7,26,13,13,22,65,72,123,38,117,138,33,4,52,168,223,171,66,18,14,37,129,226,37,44,164,8,19,31,16,35,92,146,107,4,18,44,192,305,98,58,55,41,0,21,37,86,216,123,79,26,8,41,155,251,142,83,36,75,57,47,74,148,123,108,90,104,18,23,123,118
13,4.690357,47794,7519,7360,4752,118,48,1177,23,50,53,71,123,35,73,100,21,46,85,153,33,35,105,257,134,120,111,164,39,27,141,224,157,134,103,8,30,71,114,91,78,63,22,58,55,39,36,169,157,120,93,47,50,51,77,95,125,51,10,12,53,62,93,192,144,66,55,62,43,21,37,9,14,107,67,111,56,33,50,160,107,63,87,102,45,46,63,44,57,98,22,13,68,66,65,148,133,33,53,103,53,18,20,120,92,49,50,70,61,20,40,106,43,42,35,96,19,20,42,54,79,51,57,75,35,40,49,192,219,112,60,36,20,40,19,116,91,63,28,96,12,23,35,139,114,67,77,127,78,107,96,169,121,135,56,138,42,18,94,178,171,111,180,146,123,53,79,71,67,27,60,62,95,45,37,70,100,96,119,163,67,15,22,146,132,119,88,69,46,36,74,187,114,136,135,169,63,8,141,138,65,113,95,31,12,40,45,197,208,58,90,151,73,17,13,59,82,65,49,2,26,48,37,23,66,84,109,27,44,15,68,324,221,160,132,60,16,24,78,129,133,108,120,75,52,23,53,69,25,36,90,188,91,15,68,197,130,32,61,56,18,40,75,80,18,68,68,66,35,23,78,115,120,92,119,101,48,47,55,34,52,91,49,52,47,44,20,49,64,65,59,67,29,20,18,89,103,32,23,87,14,23,67,112,113,123,109,42,40,66,117,147,108,53,53,115,46,30,82,152,165,132,32,261,42,22,90,170,74,104,62,57,17,34,52,112,160,113,173,88,34,15,43,78,80,26,68,44,64,72,47,80,83,90,67,85,70,50,43,169,125,53,33,131,37,13,34,24,42,50,93,50,71,87,78,182,235,144,47,54,34,29,21,67,109,18,63,75,36,14,24,220,238,158,96,37,57,28,25,45,46,44,39,178,32,24,60,181,142,43,59,37,66,25,51,169,147,72,96,141,48,21,74,189,87,59,82,30,20,19,71,111,42,32,33,88,62,47,74,50,91,53,11,63,13,36,82,124,66,263,81,102,60,72,56,57,30,34,43,122,43,13,51,127,17,68,86,66,27,36,26,38,66,15,57,63,76,40,35,177,82,91,51,93,19,36,82,59,69,109,82,108,71,23,78,109,103,22,17,66,10,38,52,131,167,52,46,88,9,51,76,195,261,99,77,42,61,37,50,203,182,112,99,30,42,30,69,133,59,19,61,104,162,116,112,303,214,82,38,44,83,84,48,76,39,84,72,101,58,8,72,149,70,16,52,35,62,48,22,85,82,57,161,123,26,42,68,125,118,68,29,43,19,17,61,64,34,33,75,101,99,82,26,98,57,95,10,137,143,72,44,94,22,28,21,95,25,32,127,85,30,20,83,66,69,22,37,153,147,28,43,54,121,81,58,99,92,84,68,93,46,27,66,223,93,93,56,56,47,42,91,123,83,69,130,170,26,28,97,211,72,94,121,103,41,30,31,115,81,103,110,70,130,78,47,193,168,112,51,35,26,14,30,42,38,88,133,111,12,15,68,31,85,60,112,145,56,44,67,72,74,42,78,109,97,28,110,288,96,72,81,148,29,52,85,47,148,58,70,62,24,49,78,62,44,53,59,59,89,74,48,178,135,92,179,130,37,24,64,150,145,124,21,100,56,59,24,197,118,71,140,194,29,63,55,106,148,82,84,123,117,77,69,33,17,45,99,105,49,78,105,103,41,48,905,4741,7349,7507,7208,3889,5351,5654,2502,1523,561,154,547,1112,628,215,285,544,563,147,409,1157,714,184,334,516,168,154,349,696,614,395,223,240,41,114,119,202,379,368,635,537,83,84,147,249,301,169,233,290,34,27,48,209,286,223,212,205,126,81,153,300,258,298,343,326,48,36,118,296,236,229,155,22,55,43,142,304,238,183,254,360,38,75,186,158,116,139,152,171,28,15,36,22,105,83,104,219,29,52,73,74,24,83,13,72,56,47,107,296,197,120,114,10,40,56,106,206,150,75,141,161,51,48,87,79,61,44,55,180,28,67,34,152,136,116,47,192,121,63,108,269,183,131,80,57,49,23,68,261,209,112,145,131,78,74,119,209,148,74,101,251,48,55,155,91,74,88,57,26,63,33,43,55,31,65,70,33,60,58,108,136,89,27,62,215,51,41,38,25,86,117,22,74,39,18,71,102,158,262,32,58,17,39,56,137,148,36,103,205,137,59,58,72,43,117,119,145,29,46,54,204,152,9,44,119,54,46,36,71,33,31,80,26,18,24,94,303,276,104,98,65,24,7,57,58,57,83,59,74,8,37,74,229,132,85,50,83,57,50,62,119,269,113,56,116,68,30,66,202
14,4.690357,48086,7651,7568,7321,118,36,923,262,99,40,46,111,64,55,63,137,85,28,33,25,18,26,73,38,54,20,130,212,72,82,204,71,37,43,95,181,85,88,28,32,49,110,42,102,110,49,20,15,16,53,53,99,99,117,78,23,23,78,56,111,72,107,17,18,29,78,153,160,102,107,294,115,17,15,13,34,113,97,35,78,88,43,87,95,80,33,128,69,23,59,20,86,128,63,78,18,79,53,77,86,89,48,28,137,59,32,11,52,72,97,52,15,23,26,44,99,15,18,62,22,27,15,34,39,96,94,158,52,22,42,76,178,114,287,49,64,34,76,42,110,74,81,88,67,20,41,78,111,62,54,134,71,90,64,54,75,98,94,146,79,39,23,111,130,112,191,149,142,122,53,33,59,44,22,42,147,91,62,23,151,126,196,127,129,45,55,47,140,75,44,109,54,9,25,50,154,6,152,100,71,31,30,146,126,26,159,187,50,43,10,49,60,99,87,177,97,60,10,73,43,10,52,35,24,72,6,21,26,79,96,97,30,39,50,56,214,139,100,51,63,37,26,50,69,60,105,105,50,10,47,34,75,74,56,214,137,73,29,103,64,126,46,73,50,22,36,37,61,44,109,52,6,49,54,89,140,78,69,104,122,64,36,28,47,15,70,24,75,46,13,3,29,19,44,82,95,22,57,67,18,68,60,42,11,21,31,44,121,99,88,67,73,78,65,100,147,88,133,89,159,48,69,46,123,75,62,122,48,36,35,91,31,75,85,36,19,42,36,58,203,149,181,173,33,32,26,53,51,17,25,72,60,49,51,30,97,34,28,66,101,66,35,57,209,51,11,39,54,43,38,38,17,58,82,49,130,73,79,75,23,114,93,69,74,29,259,51,59,60,80,43,59,83,43,4,123,106,126,37,97,60,7,42,36,81,14,54,45,42,28,71,131,57,29,37,80,32,22,84,237,107,115,105,46,55,8,114,100,72,137,13,11,25,32,92,59,59,82,11,32,47,44,77,12,62,115,17,28,16,47,36,12,38,33,140,50,33,66,53,75,59,21,82,90,26,28,107,56,60,135,91,46,25,17,56,59,32,41,44,119,64,50,33,101,54,59,130,55,38,22,84,1,81,41,52,65,63,32,61,50,24,75,13,67,18,36,36,102,118,142,25,279,38,44,98,155,87,149,20,89,62,26,84,178,92,139,42,25,39,23,91,118,71,41,36,183,134,97,156,247,105,41,74,120,106,69,152,42,81,68,59,51,27,51,42,158,76,13,18,46,22,11,57,66,29,34,139,15,8,41,9,38,8,93,31,39,23,27,123,106,63,110,91,156,62,46,41,104,52,58,216,122,141,37,54,113,55,70,51,24,13,57,93,96,106,78,76,83,35,44,48,45,47,55,12,124,85,69,95,48,52,94,34,47,9,83,94,139,60,97,42,17,26,66,110,145,123,272,170,77,41,36,110,94,30,50,107,56,4,39,47,131,84,131,132,136,109,53,75,62,72,93,74,94,84,9,18,21,49,74,264,46,27,27,56,62,61,89,210,47,13,47,19,92,55,21,60,155,100,17,125,125,36,54,98,37,20,57,27,53,87,81,184,25,24,63,36,101,38,53,49,67,107,72,77,171,117,64,284,81,8,44,78,94,119,113,43,12,30,56,75,184,92,7,259,50,35,45,43,92,92,76,11,150,163,63,111,100,51,83,182,56,28,99,98,22,32,210,2031,7332,7579,7662,6518,2727,6250,5781,1182,1454,568,242,615,557,203,108,265,745,411,103,700,939,230,240,259,234,143,210,516,735,452,185,168,229,139,149,91,231,359,483,703,126,50,86,92,110,155,202,348,101,26,33,124,213,238,233,181,119,89,52,145,151,244,405,324,137,14,25,110,219,136,265,99,80,77,48,122,221,144,186,270,149,40,119,139,99,92,103,158,56,24,36,68,29,113,98,126,49,39,53,54,35,51,88,44,88,21,62,109,146,106,121,72,71,23,43,85,71,23,51,165,52,34,67,125,97,10,13,53,37,33,19,27,137,75,148,264,106,67,65,87,215,85,28,55,92,13,14,100,195,140,79,133,22,48,58,131,185,26,57,170,136,64,80,89,44,63,91,81,66,53,30,56,47,59,85,42,42,41,51,108,164,61,42,132,48,52,60,115,33,76,129,52,13,6,39,140,187,134,46,11,34,15,46,95,20,18,26,154,210,126,33,24,117,88,147,30,15,48,21,37,179,62,67,171,5,37,47,58,21,11,26,66,34,20,33,118,242,125,45,109,68,24,20,49,30,33,43,69,59,6,22,137,210,82,46,103,16,47,55,18,117,58,52,21
15,4.671596,47949,7423,7590,7462,118,48,1224,270,138,83,111,49,61,104,76,40,98,72,47,80,188,52,32,27,122,203,134,101,149,133,38,86,214,321,111,100,95,68,188,114,37,91,6,58,73,52,119,50,111,283,200,50,175,45,97,56,119,181,112,23,43,27,9,71,164,258,214,113,68,62,259,11,20,119,234,22,160,26,37,26,28,85,41,16,84,58,105,77,35,81,66,49,77,76,83,131,114,146,114,31,67,125,89,43,32,72,170,42,10,98,78,40,109,163,49,28,121,37,43,28,63,93,42,63,184,3,141,61,104,276,100,126,73,4,107,52,48,180,69,42,108,14,8,29,84,59,24,32,126,111,152,53,38,92,131,103,129,29,17,40,107,243,248,114,149,97,154,54,42,66,67,66,122,126,85,30,30,171,149,106,175,27,138,33,50,94,60,105,154,79,46,29,108,239,166,53,99,64,95,46,41,111,176,97,99,66,58,23,107,201,108,61,175,128,83,42,43,194,107,88,51,54,23,22,40,85,77,58,95,7,50,58,121,173,99,97,108,22,32,50,22,127,121,104,93,14,9,26,50,125,59,46,90,46,18,47,157,225,83,259,69,23,44,40,113,135,228,30,126,63,160,67,124,199,115,94,63,65,109,57,123,78,118,51,66,28,27,26,61,102,195,63,158,26,25,13,57,35,136,47,77,53,32,13,30,24,28,48,77,52,139,75,134,213,207,68,48,95,222,85,120,229,40,77,66,45,52,11,74,110,78,71,84,55,37,55,150,270,147,108,120,39,31,10,60,82,80,33,108,71,113,67,7,71,39,57,130,114,114,114,97,132,19,40,65,44,34,27,15,71,128,75,138,48,107,80,42,216,129,76,68,92,56,14,87,264,67,91,45,23,127,72,64,210,33,29,50,52,19,18,25,53,59,9,51,15,23,58,56,189,22,56,160,47,38,21,91,189,21,85,164,18,64,32,119,227,301,119,73,46,67,70,88,98,35,47,38,42,30,29,49,106,97,73,35,35,28,26,3,50,49,25,110,79,76,48,9,66,33,65,55,32,9,52,74,50,106,31,89,70,79,8,41,75,72,87,154,41,119,59,78,91,69,110,114,76,90,55,31,65,152,103,74,31,90,91,71,57,72,85,40,75,49,37,33,219,183,62,35,29,56,48,26,180,162,103,43,70,38,38,147,209,159,88,20,33,66,43,130,135,39,24,63,99,139,119,169,282,41,21,99,134,84,93,37,44,36,58,33,33,40,68,78,140,32,46,38,66,7,29,45,81,52,86,199,43,127,37,21,37,111,21,63,11,259,24,70,136,69,30,66,29,44,56,76,199,276,82,91,54,93,53,23,101,52,37,15,37,75,75,134,193,141,70,15,28,40,6,112,93,71,81,85,108,98,62,28,27,24,82,101,112,75,58,50,138,160,84,113,42,128,69,153,188,55,78,177,74,52,54,84,186,196,88,129,16,80,68,71,194,111,78,59,44,56,64,107,295,177,30,57,31,32,7,21,84,88,57,150,18,35,11,89,173,89,90,147,35,62,56,39,142,143,49,115,53,27,41,99,198,73,34,61,48,83,81,21,46,12,10,286,75,98,70,69,90,86,60,97,64,80,33,106,217,137,39,139,59,48,26,76,133,33,5,38,93,116,46,109,187,12,76,141,55,92,58,63,275,156,36,54,67,119,95,55,20,88,94,119,72,77,133,118,112,54,318,2964,7458,7586,7419,6741,2659,2553,4669,2323,138,554,261,189,242,166,299,556,484,209,270,877,972,64,307,379,368,375,346,712,880,305,265,516,291,131,96,190,568,520,367,606,173,208,163,250,489,246,171,280,131,60,32,180,447,328,223,167,100,128,106,167,382,369,330,382,101,50,56,178,515,273,166,125,103,55,72,170,380,302,205,275,144,169,111,96,272,228,80,130,134,45,26,91,177,174,95,76,133,143,95,91,170,250,132,147,123,62,69,129,268,257,153,102,64,29,21,116,295,242,178,219,115,122,101,72,94,55,49,161,139,44,48,123,69,178,161,224,113,114,42,50,162,76,102,93,54,30,38,113,165,123,160,164,75,140,84,110,277,147,120,134,78,66,69,54,44,55,54,13,57,33,9,71,59,112,37,66,59,83,46,182,280,115,75,56,64,112,117,50,141,126,29,226,68,36,56,130,130,42,15,62,113,90,47,98,191,100,16,60,87,65,25,18,92,179,60,31,13,93,44,84,118,28,59,80,113,43,66,64,68,76,103,59,57,75,28,141,227,93,104,135,19,37,10,55,46,180,86,109,25,53,38,126,180,16,84,136,62,91,8,53,98,115,10,66,41,63
16,4.709118,47616,7085,7507,7576,118,40,1027,102,117,61,48,31,71,58,94,183,16,71,41,171,233,125,109,106,45,20,73,215,223,95,94,81,48,122,88,63,155,31,60,31,93,105,37,118,233,177,38,237,20,68,83,119,142,114,47,66,10,81,118,195,280,199,72,16,17,42,46,58,155,220,47,137,49,18,80,131,77,110,68,138,47,72,84,50,122,61,117,123,26,92,107,85,118,88,54,94,28,44,29,38,58,187,35,41,95,72,33,80,131,17,53,157,35,23,25,52,78,50,96,179,58,98,36,164,198,123,90,76,31,44,32,67,94,272,91,137,17,47,41,122,129,31,71,146,21,87,48,70,154,137,60,202,50,21,68,121,237,217,189,183,35,78,33,35,111,42,100,111,128,95,86,47,169,192,86,201,45,66,12,149,153,81,134,161,44,40,54,139,190,132,120,142,53,120,110,65,57,182,60,53,91,63,22,84,103,146,113,165,60,48,64,37,41,61,26,54,27,49,35,62,98,27,33,64,50,7,38,190,235,96,144,135,24,43,20,46,158,108,89,95,22,39,52,96,174,136,34,182,7,49,34,122,180,57,94,97,20,59,47,261,121,207,2,141,17,84,72,148,200,124,92,100,18,93,43,70,53,132,6,38,32,16,13,28,105,132,71,156,34,21,26,26,14,129,18,81,24,36,27,53,58,20,39,81,37,113,76,132,210,213,84,68,40,125,31,114,89,52,79,100,26,28,264,76,38,75,66,113,63,37,50,129,213,93,138,111,20,51,44,47,40,50,21,85,100,63,36,60,69,49,82,113,69,50,28,120,154,17,93,93,23,28,14,37,113,120,54,165,85,73,76,22,107,148,110,40,82,61,21,76,114,44,74,106,67,263,31,132,148,54,66,82,27,31,9,45,125,115,26,49,80,32,25,51,60,66,103,147,9,6,76,162,191,73,118,206,31,35,9,107,154,194,112,57,25,76,45,78,30,58,64,66,103,61,24,32,9,99,78,111,28,38,47,46,33,53,57,142,260,27,33,48,75,81,81,39,17,44,39,58,39,74,22,77,19,32,13,31,66,61,99,144,48,86,37,127,121,48,119,120,53,78,70,22,77,179,93,70,42,80,88,103,34,47,24,37,40,44,28,55,190,213,68,13,24,71,28,113,165,178,67,51,72,82,31,199,246,147,108,21,24,36,42,108,64,50,43,72,55,84,85,241,197,30,37,137,101,107,95,55,21,51,28,68,44,53,52,88,127,46,43,58,34,3,19,10,69,31,138,193,30,109,35,28,42,124,75,71,20,39,48,107,88,52,258,114,59,35,41,86,172,259,60,138,56,85,62,67,132,36,61,114,61,83,65,100,151,98,46,3,31,24,44,76,55,95,12,104,22,47,40,32,48,49,58,86,128,64,65,67,140,172,68,114,29,104,62,124,128,35,61,139,86,48,47,77,167,145,65,112,34,87,73,69,204,92,81,66,21,15,67,119,192,120,33,102,19,10,23,54,81,94,50,188,20,42,30,114,130,73,111,163,70,76,64,48,159,119,80,85,40,40,28,99,146,16,37,119,79,75,60,71,97,15,39,65,43,47,56,64,272,121,92,77,75,50,49,108,179,105,82,200,38,48,44,55,97,101,43,59,151,52,24,114,138,63,74,247,48,55,36,119,133,119,47,27,22,76,86,94,47,146,106,165,48,85,87,71,13,67,653,4071,7583,7514,7091,6239,2569,3071,3748,2422,236,310,274,263,216,201,441,709,427,116,357,959,788,271,395,402,259,253,309,707,784,289,347,662,270,121,134,229,415,455,470,684,89,177,158,252,304,161,172,223,43,11,53,171,297,253,170,155,61,88,78,174,316,313,389,433,34,38,65,241,365,275,239,176,34,52,11,212,303,242,210,367,80,139,134,115,204,173,103,167,60,47,30,68,153,181,35,142,48,99,87,110,139,217,99,127,109,77,72,171,246,241,174,67,54,9,30,115,199,181,176,171,47,98,68,15,81,68,56,184,68,69,40,157,232,170,134,172,96,102,69,172,158,56,166,100,39,38,72,214,175,135,175,151,56,81,72,132,170,209,98,159,89,56,71,34,45,88,17,27,55,32,20,25,34,22,14,59,13,43,97,195,240,108,69,179,24,90,74,34,79,120,48,256,42,5,26,117,130,39,44,55,279,120,77,80,97,94,24,119,52,50,30,59,194,136,16,96,51,53,69,153,149,44,70,96,63,63,49,17,38,55,76,58,47,54,44,242,276,97,123,181,50,5,37,66,45,173,59,153,11,41,82,209,197,21,115,65,19,58,58,82,104,119,53,276,15,63,76,143,52,116,33
17,4.709118,48062,7532,7445,4097,118,44,1092,265,133,93,94,28,156,58,55,73,39,59,39,26,10,56,119,25,19,48,192,212,105,62,129,28,28,121,213,189,67,31,14,54,154,109,96,145,60,22,122,79,131,61,118,148,68,20,247,44,92,68,160,148,117,3,126,25,29,115,253,309,231,103,267,37,54,2,51,146,257,33,145,34,62,78,56,70,44,22,155,59,144,52,85,118,94,75,92,47,77,84,112,177,102,38,193,67,53,26,15,92,200,39,8,98,105,31,65,72,35,74,191,44,34,43,90,80,71,143,182,63,147,39,136,191,110,99,72,35,96,33,76,176,83,113,38,38,68,66,80,20,45,101,214,106,185,86,55,95,95,74,236,16,6,40,102,169,126,123,123,67,136,43,110,68,87,42,115,114,77,43,101,215,193,119,283,88,201,53,74,56,42,115,162,85,76,52,122,156,67,40,151,18,129,81,98,103,148,51,31,77,78,16,70,96,119,67,187,44,20,48,22,78,96,55,65,39,47,31,96,162,97,98,136,30,63,43,127,159,60,72,120,33,39,42,27,105,49,92,58,24,22,50,127,128,124,86,257,58,87,54,157,67,101,93,110,21,52,82,167,153,212,17,83,74,215,109,148,89,92,104,104,17,103,41,98,31,133,56,27,49,58,59,26,55,105,98,104,12,53,45,50,56,53,57,139,59,53,31,66,34,3,32,120,31,132,99,178,238,230,85,77,53,189,31,76,100,60,53,152,32,53,47,91,73,80,35,187,15,58,69,210,206,150,175,109,51,95,30,73,29,79,35,55,12,63,35,36,70,86,65,136,75,75,32,143,145,71,62,147,58,69,33,72,122,176,44,104,27,139,107,29,101,75,46,119,68,29,41,138,135,35,52,101,107,173,54,103,171,75,55,115,2,47,57,87,90,107,14,63,47,73,84,105,21,47,114,211,58,32,69,191,132,60,84,113,60,72,78,139,143,227,124,44,47,92,68,37,42,72,42,20,99,73,55,60,30,117,73,112,42,20,32,36,90,89,73,158,65,116,69,24,51,48,101,116,26,43,58,34,62,89,66,116,16,46,45,83,115,65,78,180,127,192,79,84,59,20,83,137,31,51,36,61,126,133,121,80,23,84,55,0,63,114,56,58,36,65,29,71,154,170,70,26,41,31,60,101,162,130,29,117,49,66,49,227,189,46,10,16,46,85,62,161,65,44,25,86,70,113,86,225,233,72,43,181,86,83,69,32,55,61,52,34,17,90,102,116,113,17,108,91,27,12,64,42,131,64,136,155,46,110,27,22,50,125,49,12,40,59,72,106,22,93,129,134,58,52,31,70,129,200,22,174,58,38,28,46,51,126,33,106,36,84,74,128,132,171,116,120,56,114,16,71,25,175,33,80,87,76,60,65,54,79,50,156,76,70,57,87,131,63,126,164,41,135,65,179,129,92,266,165,55,68,73,99,103,90,45,135,83,122,87,97,220,135,52,21,22,5,58,79,77,25,59,64,20,66,40,48,31,50,45,167,33,54,73,99,53,64,88,137,56,85,38,53,42,94,44,176,64,18,45,135,109,55,70,141,59,129,90,34,35,29,69,124,99,82,76,57,32,149,41,73,39,66,15,81,91,30,35,131,48,33,98,108,33,118,31,81,88,70,59,125,134,48,66,234,96,124,92,118,194,118,20,53,102,116,100,103,27,88,99,122,78,77,95,78,86,64,636,4101,7450,7536,7457,6120,1854,3470,4527,1901,198,472,249,298,43,372,110,442,288,162,454,917,374,375,312,466,416,413,381,681,728,321,374,799,259,101,56,258,453,492,356,488,98,200,169,297,277,135,196,281,118,101,105,180,240,244,114,141,64,68,89,230,360,313,399,336,47,71,94,307,366,223,103,163,17,43,109,198,302,232,209,425,92,188,126,70,152,189,21,166,59,76,49,86,81,192,82,227,56,103,67,68,153,237,97,165,86,77,82,118,146,201,120,68,22,41,6,156,150,66,124,160,94,115,78,71,126,55,56,222,53,13,263,194,216,105,93,130,89,99,43,162,140,40,67,44,23,72,25,160,171,88,127,71,34,74,66,131,110,106,40,150,22,94,42,22,44,102,24,18,53,72,32,22,105,98,27,117,37,57,92,234,185,91,85,178,69,106,83,11,97,55,80,192,41,1,20,173,158,42,27,91,100,127,73,73,71,105,57,133,56,34,51,58,171,163,9,54,21,71,42,130,103,42,85,148,87,86,40,47,105,74,60,102,30,88,55,159,208,52,65,137,61,15,10,42,108,127,37,52,29,51,43,139,99,68,139,37,263,80,68,54,55,95,34,175
18,4.709118,47692,7595,7465,7255,118,44,1123,13,96,59,43,47,56,48,53,78,69,26,36,72,181,159,161,124,91,31,25,98,223,300,151,108,61,21,126,145,37,82,86,84,67,87,79,82,69,180,149,94,85,28,92,94,132,194,64,50,25,63,34,75,172,189,136,75,43,47,43,16,7,49,266,57,71,17,34,9,38,13,64,8,155,63,64,51,6,33,139,78,66,47,41,104,129,104,105,22,81,87,47,40,58,100,131,77,26,37,70,34,79,55,19,24,100,41,44,16,21,113,91,77,109,37,90,30,99,174,151,118,58,37,71,31,21,279,83,63,15,30,41,65,61,82,69,100,130,50,84,37,42,51,21,31,139,18,40,79,133,104,126,211,224,104,110,98,34,17,89,16,105,142,73,64,60,193,219,179,231,42,101,21,42,14,52,64,120,29,50,40,84,149,125,90,103,18,95,143,129,107,191,131,138,78,52,20,121,145,152,49,147,88,65,34,47,181,167,71,34,5,11,31,33,109,62,89,91,31,22,32,109,116,76,118,98,41,28,12,7,154,107,85,71,10,37,46,103,114,76,35,73,27,10,44,184,219,51,102,160,15,30,24,127,68,71,41,135,33,113,82,94,106,108,118,82,42,113,55,29,36,121,76,174,13,25,23,78,79,65,61,171,36,33,41,67,59,9,42,131,43,46,55,34,90,129,154,159,31,78,91,165,198,157,97,106,33,156,80,84,76,131,142,65,57,262,63,128,38,82,41,86,20,31,68,187,280,161,176,237,27,47,21,8,57,25,32,42,37,70,23,16,67,76,124,84,106,112,54,65,85,80,58,127,55,56,5,36,75,192,80,84,63,106,95,47,91,98,63,27,31,37,11,68,158,123,49,135,262,87,77,32,148,140,152,76,4,37,55,18,90,87,34,34,38,16,31,67,43,23,61,93,17,36,23,125,169,73,104,236,54,13,46,136,102,152,113,27,65,33,61,95,62,118,83,80,29,47,46,24,50,110,20,121,17,18,35,28,23,45,71,295,25,57,68,14,65,18,99,104,28,16,56,41,35,105,167,61,9,47,40,58,26,84,85,175,109,113,40,46,20,73,24,106,65,52,56,50,110,150,89,44,10,45,67,92,29,76,9,37,38,25,13,11,88,100,41,114,80,87,56,66,38,93,263,74,8,54,12,148,252,147,88,29,51,56,27,123,80,21,44,83,122,123,93,162,168,62,47,81,115,89,57,24,124,209,91,8,16,17,96,101,199,30,68,87,54,69,12,58,120,28,114,220,23,55,34,22,64,50,3,38,28,39,47,56,65,101,190,278,78,61,39,73,37,72,59,56,61,31,44,85,158,70,48,52,15,44,71,122,174,97,106,38,39,52,59,11,40,102,45,41,54,43,54,25,57,89,109,123,109,50,42,17,103,120,92,65,35,79,113,113,135,104,70,171,54,35,24,69,67,74,72,13,18,32,57,13,94,111,111,57,52,49,38,97,107,51,87,52,28,35,27,17,58,56,48,96,20,3,13,63,88,122,20,12,13,11,47,28,77,121,67,40,76,54,13,124,78,81,111,97,22,45,95,36,37,40,45,135,90,85,106,4,32,46,57,55,43,69,20,67,150,72,32,131,52,52,27,119,178,157,94,26,70,116,9,128,119,32,69,113,44,61,51,88,227,209,51,58,59,104,84,71,71,121,92,114,63,69,85,67,45,77,504,3152,7250,7460,7591,6029,2388,4400,4915,2549,250,527,203,274,250,370,138,504,286,91,441,1071,743,432,527,363,452,358,276,587,653,376,410,830,390,170,27,249,565,720,389,469,79,111,172,322,396,264,211,285,84,49,24,140,243,324,261,248,60,88,79,209,327,317,370,292,26,24,105,223,316,298,170,167,8,267,93,161,258,273,239,350,66,124,150,119,168,242,104,76,51,58,51,72,57,127,73,44,84,113,97,71,75,139,106,128,93,44,24,120,157,125,186,71,19,10,18,96,81,92,53,79,55,70,99,113,90,50,35,135,43,22,10,132,208,144,129,212,17,87,78,109,165,122,118,43,47,34,19,123,129,71,164,151,31,86,97,134,127,182,113,138,59,55,62,22,46,77,111,37,75,48,49,32,45,80,40,42,41,77,70,214,210,76,12,109,47,70,35,13,152,161,75,81,12,28,46,106,162,100,43,40,96,84,68,54,107,89,33,115,94,61,49,110,141,189,97,112,30,72,52,76,40,49,52,133,78,41,31,41,92,97,81,51,68,40,49,141,192,36,53,151,32,31,44,89,82,82,80,76,2,18,31,152,122,107,108,124,33,57,88,9,94,64,17,120,63,24,34,92,59,54
19,4.652834,47698,7363,7496,7128,118,44,1078,268,101,46,20,53,66,49,67,64,40,13,52,47,100,114,99,128,104,45,16,31,114,283,195,98,89,76,95,73,82,49,108,113,142,48,10,54,34,211,140,123,82,17,42,43,84,206,137,71,33,48,44,58,105,161,159,50,56,94,45,48,50,82,275,147,33,65,60,6,54,45,56,91,84,107,58,33,53,46,157,131,162,56,78,79,45,132,130,39,61,159,65,44,23,85,101,84,15,41,79,30,60,146,49,29,77,124,76,36,26,57,80,113,233,50,55,38,49,180,233,202,174,67,50,2,46,258,70,170,146,31,37,47,60,114,87,91,118,75,52,47,61,99,27,40,42,7,47,40,115,153,158,176,202,112,99,39,26,30,47,48,82,97,79,51,44,194,228,170,147,91,65,33,45,115,51,86,52,43,11,34,40,170,135,81,30,74,52,65,288,182,179,121,112,88,27,24,46,155,222,82,208,186,84,31,57,164,167,54,17,16,36,41,27,19,111,110,39,51,36,20,45,115,99,114,149,41,40,8,85,166,152,93,151,56,31,41,48,147,22,56,66,26,38,37,128,200,88,31,76,6,12,6,110,141,60,74,28,23,48,51,67,127,72,68,78,103,68,31,21,48,152,81,174,8,38,35,34,60,41,65,143,27,30,14,4,71,84,46,125,52,17,28,40,107,138,164,145,77,39,69,88,181,195,84,35,63,101,83,109,169,122,155,83,34,257,64,150,194,120,93,76,60,13,31,111,280,223,160,162,19,38,13,25,63,29,40,33,57,57,51,7,115,70,31,87,141,98,66,43,10,93,136,121,61,56,14,82,111,156,100,22,56,48,68,116,88,182,91,40,83,59,12,63,149,145,45,126,259,54,35,59,166,158,157,86,41,26,27,54,86,51,68,35,33,17,41,76,103,60,95,135,41,10,41,78,160,96,93,56,57,8,19,86,96,94,74,29,37,17,43,97,147,93,70,83,38,53,53,40,32,104,108,81,35,34,14,20,63,39,63,92,72,20,21,15,74,27,84,26,50,23,14,60,61,130,135,25,36,55,28,94,47,32,38,217,168,129,34,23,42,79,79,35,56,30,14,41,79,131,85,108,30,77,29,57,97,74,97,63,46,15,23,32,168,176,79,61,86,101,63,70,74,80,280,79,40,66,17,102,230,144,73,30,21,41,34,103,139,53,17,59,161,126,77,80,176,131,72,110,119,116,39,43,123,174,74,117,24,41,39,89,149,57,31,40,56,21,15,58,125,39,55,172,88,17,35,34,105,114,51,55,26,35,43,90,68,82,196,263,77,69,26,20,121,20,54,40,80,89,20,79,178,123,59,31,92,31,38,73,157,91,54,20,35,31,26,34,40,96,78,67,88,67,54,37,40,88,112,184,109,39,43,38,131,114,106,37,53,17,29,77,139,120,74,158,71,67,61,108,34,45,61,56,35,39,28,32,50,161,162,161,68,31,12,117,204,72,48,52,14,25,33,64,35,13,3,48,47,29,22,68,133,157,63,31,49,33,27,26,68,70,34,39,89,51,27,135,176,42,109,103,16,22,41,5,97,59,77,72,90,55,61,9,45,16,104,113,89,50,64,53,166,107,62,115,50,66,12,71,216,259,147,66,23,63,39,49,104,84,33,120,48,13,67,84,247,214,74,80,97,111,73,5,42,59,50,68,102,69,85,56,36,30,265,2470,7151,7520,7386,6558,2128,4939,5967,2543,574,383,62,354,311,381,300,344,161,122,162,723,942,329,357,139,413,339,173,225,297,347,437,926,441,225,93,164,595,673,383,340,107,69,76,279,531,391,155,341,191,27,66,78,236,397,305,332,177,105,77,83,196,272,164,110,54,51,50,117,276,293,224,246,105,76,21,98,181,310,248,308,162,63,61,102,205,246,152,108,115,32,46,118,162,111,50,61,146,52,45,48,33,66,115,79,130,43,26,68,100,100,166,79,43,14,35,52,110,108,50,42,60,50,64,68,55,16,24,90,62,54,19,56,121,149,143,189,8,71,55,97,154,122,83,40,120,86,35,51,48,67,124,155,89,47,38,119,226,162,152,62,46,26,44,28,32,62,70,96,29,52,15,16,43,86,80,41,57,47,52,131,200,157,64,65,87,81,49,18,142,139,77,120,60,6,9,67,139,106,71,25,36,76,70,88,92,71,33,31,92,66,10,51,178,152,141,76,52,38,73,97,109,49,11,150,69,62,29,41,39,77,99,86,47,51,20,25,91,69,60,34,92,7,25,95,120,68,100,82,65,39,17,74,104,77,62,112,87,60,31,24,98,113,61,57,77,68,53,68,135,70
20,4.690357,47895,7490,7319,6552,118,44,1083,257,165,62,49,130,34,52,53,5,42,43,41,29,21,24,25,103,157,157,107,148,64,15,64,135,219,167,90,88,78,74,79,57,137,65,95,80,45,19,84,27,253,157,97,19,45,24,57,76,229,207,94,96,59,23,50,112,265,227,73,41,109,18,8,29,112,103,153,64,61,45,36,69,149,34,70,51,78,63,63,55,106,73,109,168,30,11,23,76,186,181,61,89,238,117,36,23,88,107,78,39,30,75,39,41,129,17,62,40,147,46,19,18,73,94,118,215,29,90,57,23,209,307,141,128,51,26,28,78,192,138,126,132,64,7,69,92,96,51,64,150,80,65,37,24,139,90,38,19,30,44,17,98,236,131,161,231,32,48,34,59,125,38,55,84,131,98,41,7,166,240,165,138,100,110,79,66,153,34,72,63,35,28,30,69,148,146,74,62,267,34,102,161,184,135,95,108,102,9,51,43,188,193,90,152,132,56,29,16,140,153,61,4,23,35,28,35,47,128,81,75,41,64,30,31,147,116,130,198,41,55,18,22,154,128,57,101,68,26,17,62,118,103,54,100,53,73,8,108,229,129,62,262,28,12,48,100,120,54,108,91,49,50,54,66,115,43,56,104,83,45,37,22,77,112,84,122,52,20,59,75,102,38,58,136,52,20,34,28,77,48,31,54,40,9,18,13,55,88,152,126,124,36,68,116,191,180,124,59,55,71,70,85,192,101,264,81,44,47,48,159,214,101,111,114,106,56,48,84,242,207,187,193,44,51,30,52,83,31,5,39,59,42,16,24,17,15,43,80,83,93,67,25,51,39,75,99,65,56,44,73,141,194,123,27,96,71,64,73,147,137,67,35,44,45,5,71,187,120,93,57,40,110,40,58,198,166,107,110,52,8,6,38,79,55,78,89,101,21,70,109,189,79,92,134,93,63,19,75,137,144,86,24,76,78,75,91,105,142,70,21,20,36,20,60,123,117,120,138,120,86,76,47,31,171,111,79,37,13,52,59,269,12,96,152,84,28,28,32,87,8,42,24,35,20,61,64,98,134,106,49,30,57,12,23,56,32,43,146,154,148,51,38,57,66,78,55,20,28,47,53,95,47,61,104,38,56,26,59,120,32,71,56,69,41,56,83,221,258,109,52,50,97,23,2,148,114,70,62,42,73,23,90,228,141,54,40,22,46,47,81,106,86,51,3,112,120,83,101,251,146,80,113,109,140,70,27,83,127,37,41,41,64,33,100,121,25,48,63,71,37,47,113,88,20,56,127,107,32,29,59,119,107,17,23,44,52,272,107,85,81,136,235,59,40,45,20,74,43,61,99,91,64,31,87,153,125,101,109,106,15,35,62,145,135,91,39,97,54,46,42,144,47,66,48,37,57,44,87,79,109,91,142,88,23,48,30,128,91,40,34,52,29,48,58,163,120,111,172,111,22,55,96,151,64,71,26,54,37,54,23,128,200,143,162,39,68,33,103,227,80,63,23,42,17,31,35,39,21,16,67,21,32,37,57,181,168,13,19,24,38,2,25,17,81,29,39,99,49,3,144,205,9,100,85,61,11,54,20,126,73,54,112,273,42,55,47,19,2,46,69,131,86,55,40,157,85,36,78,14,70,30,133,190,183,115,69,35,113,65,50,64,64,32,75,54,61,72,115,227,278,67,46,80,99,43,18,62,46,33,38,108,123,97,45,39,57,201,2011,6565,7332,7502,6272,2943,4044,5737,2814,751,532,187,558,747,281,222,328,28,75,177,597,883,294,399,248,454,445,231,184,304,333,381,903,587,221,126,145,618,764,375,310,126,54,71,301,611,490,131,308,253,3,56,98,270,452,281,333,207,101,36,82,241,268,113,121,62,12,59,126,279,334,269,231,79,73,58,96,271,343,237,350,249,66,102,123,220,224,127,124,171,63,31,89,138,161,76,33,180,61,37,42,67,108,105,46,173,39,26,90,114,147,156,65,50,20,14,51,134,131,50,74,79,35,70,65,111,41,37,55,91,43,14,60,148,259,110,192,16,98,60,106,157,91,53,27,66,70,36,57,111,32,99,150,52,61,52,83,205,196,140,69,46,14,59,51,43,77,117,150,52,114,53,42,2,115,84,61,54,41,64,104,188,126,25,64,62,47,49,52,148,133,89,56,41,42,12,64,99,93,46,44,48,93,84,67,168,110,10,58,99,47,34,101,184,146,89,48,33,5,25,45,126,116,37,169,100,53,65,38,54,98,71,115,93,91,36,31,164,119,46,51,64,20,27,42,78,54,107,12,123,27,19,40,120,45,38,85,80,62,57,271,150,139,93,124,109,33,42
21,4.72788,47838,6613,6565,5168,118,28,610,58,65,90,95,63,62,114,121,71,26,37,62,26,45,55,76,10,34,41,80,71,52,47,43,43,47,23,46,27,46,112,42,52,42,27,8,14,31,50,59,73,58,63,73,59,13,47,48,10,48,46,28,43,28,48,93,76,71,83,42,33,38,70,267,69,56,30,13,60,68,46,29,44,33,42,49,34,37,104,47,24,46,46,21,77,83,80,25,57,39,57,39,78,30,12,47,27,43,25,34,71,28,2,39,45,46,20,76,50,67,29,43,29,19,29,19,24,67,47,33,63,6,102,99,52,74,73,52,29,32,20,19,32,50,27,103,41,60,111,32,85,103,21,110,65,37,31,33,30,82,38,89,75,54,122,138,77,38,42,23,81,20,42,48,125,110,42,73,7,42,54,67,36,49,49,90,3,29,54,21,18,69,38,56,38,63,11,22,17,19,46,58,61,82,78,66,17,16,5,52,56,48,56,73,12,56,47,80,97,28,113,33,73,6,27,46,11,43,33,50,43,45,61,49,51,31,62,50,28,18,50,45,47,52,55,43,17,28,27,29,21,57,61,8,46,59,18,51,10,39,41,51,53,36,58,26,32,38,29,50,28,43,23,49,41,37,65,50,34,32,1,51,68,77,43,52,7,47,40,48,6,27,77,21,72,23,93,75,64,92,35,104,65,9,25,57,72,66,10,88,35,18,74,53,56,118,16,65,11,80,34,72,32,48,47,259,81,50,13,108,78,76,103,18,38,72,70,42,73,33,68,60,16,91,60,18,49,53,99,75,64,108,74,44,39,74,98,73,63,32,47,61,97,56,67,30,6,50,35,9,69,106,20,85,56,15,77,94,135,63,99,48,84,1,62,31,29,113,31,89,30,87,38,78,69,21,101,28,20,32,73,36,33,50,20,23,8,17,69,52,60,84,27,34,25,17,35,39,29,29,25,27,18,52,29,104,15,20,33,14,32,18,41,38,36,17,58,75,47,33,50,64,59,19,27,13,13,22,15,75,26,262,35,38,50,17,69,86,65,47,74,76,151,82,100,75,104,114,115,108,98,76,28,91,133,64,76,21,145,88,63,19,40,67,87,67,25,73,24,47,88,59,45,38,48,45,5,41,18,20,37,74,67,62,39,80,65,79,65,141,50,28,90,35,9,32,90,66,84,12,31,82,109,28,43,69,98,35,32,99,58,126,84,43,71,77,81,52,54,20,36,18,121,130,30,65,7,108,107,61,64,72,94,163,44,62,118,141,69,34,58,121,89,75,119,120,61,59,61,80,2,29,11,77,64,66,24,15,46,42,57,44,31,14,61,88,46,34,74,61,55,20,77,53,107,26,43,48,38,29,34,43,52,72,62,52,35,49,36,66,51,38,63,61,45,73,4,14,55,70,36,55,37,40,55,93,111,65,31,39,53,100,59,75,84,136,95,89,92,56,50,32,62,94,80,46,14,26,71,54,37,12,4,47,59,75,28,97,34,29,24,31,38,36,13,15,18,83,39,26,31,87,59,27,69,36,28,45,39,51,64,112,49,48,53,31,27,36,15,76,19,47,24,84,93,76,74,38,46,70,57,51,83,264,83,21,48,54,51,62,156,98,29,108,50,45,42,65,43,54,31,41,71,57,8,33,41,131,24,23,26,5,25,49,2,23,36,16,95,36,9,55,71,66,48,30,39,40,31,25,24,51,65,56,30,49,399,1880,5162,6559,6607,4385,1407,2742,2435,1194,382,458,478,617,265,115,389,201,104,87,314,768,557,315,358,307,471,414,325,227,186,272,520,635,624,472,281,318,410,483,380,269,188,179,219,346,314,135,52,184,167,129,138,118,196,282,240,198,132,113,129,212,178,98,76,97,119,75,144,236,193,122,161,208,130,58,120,214,229,140,128,223,226,129,43,178,182,89,70,124,144,133,59,97,196,155,32,73,178,178,141,98,136,160,133,16,138,29,77,92,106,166,149,74,70,103,80,93,82,103,130,86,84,102,118,71,60,66,60,87,57,98,84,102,127,86,68,129,63,105,122,109,86,66,130,69,43,22,51,109,93,90,65,72,37,90,48,107,98,35,79,112,121,14,128,144,109,103,78,113,70,28,72,72,62,59,62,94,112,97,49,76,54,92,29,101,111,88,31,24,108,98,72,38,52,66,24,48,36,52,68,19,63,73,64,90,15,73,117,153,11,47,93,121,106,21,109,75,66,33,74,47,101,106,28,64,86,49,42,85,76,115,54,81,102,11,62,73,113,62,40,67,75,79,63,82,78,53,78,16,41,77,98,96,27,66,114,70,82,91,140,79,280,52,60,80,99,23,40,135
22,4.690357,47758,7581,7470,7261,118,32,828,24,66,111,62,115,92,44,39,55,40,51,25,20,41,90,167,143,129,117,27,6,58,174,247,173,71,50,75,51,57,21,93,59,93,50,30,24,64,55,158,136,92,46,8,11,55,81,196,130,77,55,49,54,90,145,200,160,65,60,86,27,14,39,67,145,170,50,60,25,39,59,49,30,73,96,107,56,52,81,17,152,98,161,4,16,55,99,104,127,48,41,112,60,37,33,86,115,86,47,56,76,44,56,65,15,72,15,82,48,50,16,35,67,122,199,41,62,29,80,173,204,185,176,85,33,33,270,49,88,137,66,46,11,50,65,96,76,101,197,62,87,54,54,59,89,9,105,17,34,38,58,83,141,197,225,57,48,30,52,9,28,76,89,134,97,62,49,223,238,198,197,122,99,59,36,64,77,100,69,21,45,20,92,160,139,87,67,51,57,274,126,133,169,92,124,63,29,6,89,142,159,83,207,97,77,43,60,165,121,41,31,24,42,20,31,30,121,100,57,31,47,11,82,85,86,151,176,15,25,18,92,152,122,49,37,57,39,58,44,108,82,90,102,42,32,33,108,214,137,64,143,11,12,83,91,81,102,125,69,25,66,90,104,119,62,68,105,59,48,23,6,26,142,65,154,27,23,13,117,62,19,97,192,62,5,42,47,56,77,40,115,30,8,43,42,116,122,140,134,69,31,64,134,188,154,118,53,60,88,82,96,94,135,139,123,264,10,65,157,111,161,134,107,47,21,4,126,253,182,174,224,33,11,46,50,51,15,10,85,32,32,30,18,86,41,28,62,114,99,18,28,20,95,102,99,74,86,24,72,150,202,89,24,42,36,49,38,90,102,55,53,81,68,16,61,170,166,73,261,80,43,51,29,175,170,151,53,31,19,27,48,104,102,60,42,34,31,72,92,73,94,132,168,76,38,40,77,151,122,82,134,99,80,51,79,66,163,38,73,44,36,13,117,119,107,122,121,52,72,74,29,55,179,95,77,55,17,32,20,43,49,25,179,49,29,55,61,71,28,70,118,28,42,28,56,44,124,123,19,25,36,54,54,20,40,73,228,169,110,54,50,22,107,85,25,37,35,65,85,104,77,94,108,57,47,6,49,16,128,102,65,33,27,10,39,139,170,97,197,63,66,41,61,75,65,80,59,18,90,43,158,234,99,43,40,10,13,66,109,60,69,61,84,69,64,47,114,184,101,89,99,130,94,51,56,95,147,41,68,20,16,53,91,149,42,50,53,51,49,58,86,92,40,55,222,91,15,14,35,89,87,11,27,39,83,90,91,259,90,154,286,58,52,44,32,76,61,56,147,63,41,26,83,136,100,112,41,64,10,6,37,139,138,70,16,65,73,74,44,15,88,88,70,31,9,23,53,48,76,116,105,81,40,37,68,99,93,66,33,41,29,47,96,160,117,150,191,46,31,65,102,85,39,23,21,3,33,43,42,116,136,153,129,42,30,26,104,106,41,35,92,26,37,22,12,87,9,8,90,33,15,54,83,83,91,39,19,29,27,44,13,47,46,45,25,84,41,73,148,112,88,103,82,46,6,44,20,119,44,81,95,41,25,261,22,20,45,78,63,47,38,35,23,100,33,56,122,25,40,84,153,180,248,97,45,62,61,28,60,119,93,24,143,8,25,73,109,215,144,24,53,73,74,87,35,82,79,16,74,112,102,74,44,25,47,419,2962,7280,7489,7600,6103,2403,5135,5483,2048,507,310,199,411,233,395,270,418,23,84,254,714,746,351,420,290,356,311,164,210,318,306,488,994,312,196,67,252,539,659,390,374,87,53,82,340,445,305,181,345,107,30,79,107,229,390,263,330,99,72,57,99,187,251,105,67,18,35,60,155,210,238,200,267,263,42,39,112,217,263,247,364,91,38,74,88,102,188,115,95,66,51,37,66,101,138,12,99,98,67,28,25,26,92,35,64,97,46,52,66,67,87,157,35,38,19,17,29,71,77,86,69,26,42,65,69,81,18,49,103,25,63,24,61,144,128,152,272,50,62,32,138,119,59,57,32,95,94,34,33,39,68,177,211,13,45,32,133,180,181,132,95,13,24,35,43,43,39,100,122,35,62,49,38,23,112,98,35,49,26,63,129,192,109,51,77,89,69,55,59,170,152,45,113,36,33,24,64,115,133,24,8,56,120,105,31,83,72,13,31,70,41,19,98,191,144,108,30,35,38,44,50,64,61,71,204,59,31,52,29,43,64,88,68,64,80,37,73,106,83,71,163,46,28,39,61,79,100,93,46,76,51,35,87,117,50,78,92,62,32,35,38,88,66,95,112,54,107,21,65,75
23,4.652834,47830,7517,7493,6806,118,40,988,116,67,83,89,66,52,47,29,29,36,43,34,28,44,30,91,172,125,105,112,57,20,58,147,269,153,125,70,86,96,70,57,50,111,75,89,19,24,55,39,199,155,110,94,9,41,36,120,230,113,97,51,80,40,83,162,216,156,108,69,90,45,42,262,97,113,162,55,21,37,18,71,107,20,95,47,108,66,46,31,37,101,150,156,53,57,112,96,134,139,88,68,229,89,27,34,116,91,114,24,46,61,44,66,87,13,37,48,93,33,29,21,39,60,108,169,51,65,13,95,231,258,189,206,70,32,258,49,80,101,179,143,68,28,41,61,108,79,154,155,82,61,64,47,121,59,43,25,22,60,16,80,194,179,186,198,72,76,16,23,61,23,86,111,151,83,74,18,191,229,202,161,56,76,56,43,155,32,58,52,21,43,22,32,120,115,83,95,86,263,65,170,170,154,119,93,76,20,9,64,144,208,96,185,153,70,47,53,145,142,92,14,32,49,53,40,61,74,78,71,47,35,25,79,136,104,122,152,72,26,28,65,178,155,62,95,53,27,35,80,148,68,95,66,62,35,58,162,215,146,105,81,3,56,63,88,102,80,130,44,15,40,76,104,144,126,77,73,128,81,64,33,49,162,81,159,8,24,21,36,39,21,84,159,34,16,31,37,91,84,46,64,29,36,12,31,51,83,179,213,74,52,95,107,222,145,128,21,50,96,61,109,158,80,145,261,23,34,42,139,140,110,165,66,76,33,15,122,233,238,183,186,7,26,42,60,79,30,22,76,45,49,22,8,112,64,31,79,120,88,85,20,39,71,138,133,107,79,41,66,116,176,109,34,108,77,79,67,144,178,75,44,15,54,2,47,162,170,270,98,25,61,46,20,209,108,157,121,28,37,52,89,96,68,17,27,66,26,54,77,115,108,97,146,80,12,17,81,162,117,94,105,85,43,26,81,77,110,87,11,29,35,30,93,107,116,114,83,38,80,59,48,32,139,73,10,34,10,33,21,27,24,89,157,88,10,7,48,90,40,69,18,12,24,37,96,120,144,94,80,20,30,7,49,33,15,4,164,131,115,72,53,42,41,74,32,8,37,57,72,91,63,123,101,67,81,32,45,67,67,61,37,33,41,34,39,227,199,91,58,97,88,49,58,122,141,122,98,38,64,53,137,208,137,47,26,23,47,43,122,104,56,43,13,132,114,81,114,243,120,107,108,120,160,74,17,88,146,49,82,48,55,19,89,163,42,75,26,38,63,17,62,107,19,57,133,104,26,21,29,91,52,41,34,56,65,57,264,105,119,249,259,66,53,40,28,124,41,82,46,46,68,36,56,149,132,96,72,114,9,20,41,137,103,131,37,87,41,49,44,44,56,75,34,36,51,20,44,59,71,137,196,83,9,12,24,145,163,100,24,46,22,39,65,124,123,104,161,94,32,4,88,161,45,73,18,50,14,13,40,110,163,178,220,47,35,26,97,235,126,58,80,15,53,43,38,55,23,9,60,21,19,30,74,117,150,56,7,32,66,8,22,36,51,15,23,86,78,16,119,171,15,118,116,53,25,22,23,157,98,86,130,70,26,51,64,17,4,135,187,67,12,23,59,113,74,13,81,17,43,8,98,244,212,124,83,20,78,43,46,82,48,29,62,64,27,43,114,205,221,91,31,77,95,80,8,79,37,32,51,79,59,62,70,52,49,332,2205,6826,7513,7537,6047,2700,4728,5275,2487,752,508,170,360,491,242,348,326,4,106,200,694,865,338,531,240,377,342,195,236,366,290,413,809,558,241,115,147,530,679,441,284,128,70,64,278,529,406,158,275,215,29,45,121,286,424,285,313,170,81,65,98,241,192,113,96,53,26,60,122,289,259,173,290,77,71,11,101,248,258,207,262,216,62,55,143,218,226,117,78,117,55,56,107,139,154,53,95,143,91,57,55,47,60,106,39,129,32,68,75,78,133,160,76,27,14,36,68,150,98,75,30,56,27,39,28,109,58,16,75,60,68,48,41,163,150,286,188,54,49,65,88,148,101,79,19,93,40,23,68,87,50,115,136,39,41,50,121,221,248,165,51,64,24,33,34,60,72,83,118,25,65,36,55,29,72,113,60,66,53,58,138,230,105,53,43,68,70,46,41,122,137,70,102,57,24,37,75,138,81,67,19,69,109,101,102,122,83,42,59,109,68,44,90,185,131,128,87,58,40,62,88,106,102,73,194,56,56,45,25,16,66,83,67,76,52,18,34,118,58,54,49,75,6,33,86,66,57,94,24,95,40,40,87,140,54,83,111,84,56,24,30,289,58,64,93,115,52,33,54
24,4.709118,47870,7291,7447,4101,118,40,982,51,104,10,120,86,33,45,73,64,15,89,65,29,55,54,71,176,159,127,156,150,27,52,103,233,245,114,110,51,117,83,94,35,66,82,70,19,13,40,22,140,165,129,73,71,24,37,66,158,207,69,73,33,78,77,105,200,226,74,109,35,75,25,11,23,55,96,87,142,66,35,12,62,23,42,46,230,85,65,44,23,21,107,160,158,35,81,69,114,142,74,31,128,70,61,42,28,100,100,51,48,48,68,18,33,36,61,92,61,48,41,57,40,74,81,190,113,56,62,7,132,236,114,111,16,58,256,39,39,67,120,132,33,31,28,53,76,79,81,128,95,63,64,34,86,56,72,84,81,19,48,33,99,130,159,244,205,57,19,38,31,30,24,27,74,57,53,24,107,244,183,198,132,76,76,40,45,5,82,89,24,14,17,41,133,176,116,84,154,10,112,135,157,178,161,125,67,60,48,21,143,192,159,112,190,115,70,64,126,203,111,48,8,35,66,58,22,61,69,91,66,55,36,20,106,126,77,186,145,22,36,26,142,149,99,55,18,10,58,32,78,49,49,66,106,66,24,55,175,178,75,96,81,42,54,82,86,81,90,110,27,4,31,34,133,89,78,79,139,66,78,57,50,78,107,90,35,50,82,52,127,107,62,120,92,50,15,32,41,32,27,36,166,14,8,23,80,129,155,160,35,36,76,71,157,198,146,140,38,11,87,28,90,78,183,2,188,30,3,94,159,45,101,106,137,31,7,29,222,273,102,148,91,44,33,31,52,39,25,19,68,54,75,44,40,77,40,83,122,152,102,56,79,17,82,96,114,63,34,31,93,118,112,32,59,28,62,45,56,125,114,59,87,65,77,1,44,149,276,52,112,94,33,50,149,223,204,170,78,18,34,7,31,21,28,56,110,60,19,49,57,22,26,92,142,27,48,40,100,105,83,92,121,42,53,76,121,48,116,21,63,57,45,37,84,53,114,129,108,45,60,51,82,23,101,98,76,46,48,56,64,21,52,83,175,10,17,42,37,41,53,96,107,9,20,56,75,35,103,68,58,32,44,19,18,56,18,58,197,153,81,66,85,19,77,94,95,57,54,45,91,105,96,159,51,52,71,65,88,19,80,102,176,34,52,26,59,175,124,47,211,96,83,35,260,35,63,58,74,25,68,78,177,249,80,132,16,39,52,59,87,33,30,64,159,120,93,43,164,183,93,61,206,107,92,50,40,107,96,55,16,68,57,52,103,110,74,126,25,37,39,71,111,80,49,136,172,27,20,30,77,125,24,52,78,71,52,75,94,54,120,174,188,35,40,38,42,40,85,12,140,84,52,44,111,174,57,59,49,26,22,40,108,195,91,105,100,22,35,40,33,8,67,53,44,54,11,22,24,43,121,106,97,28,4,48,130,134,136,128,29,32,24,56,101,105,43,120,162,7,262,38,97,34,78,73,45,19,31,50,60,138,141,126,42,23,16,47,107,68,56,62,43,10,32,13,32,48,23,45,165,20,12,26,112,150,88,24,104,77,19,47,25,47,44,29,87,39,25,85,191,67,107,134,16,51,30,69,22,78,28,60,50,59,52,49,66,45,33,83,66,56,46,13,58,101,71,85,158,44,67,65,189,206,165,74,28,62,82,54,82,113,10,113,234,53,34,107,240,265,127,53,106,87,111,54,5,91,82,43,79,100,76,57,17,15,85,739,4104,7451,7295,7230,5656,3185,5626,4225,1671,523,342,260,408,208,207,319,309,127,93,323,849,626,392,494,387,383,270,226,347,419,353,682,1094,333,237,113,387,622,454,350,368,132,96,148,485,527,177,231,410,82,30,100,190,321,328,302,338,104,112,70,246,309,159,118,140,45,58,90,215,282,220,89,206,57,14,78,175,282,276,298,462,97,88,93,102,132,174,100,122,49,74,43,113,107,134,24,73,102,87,51,56,78,135,85,89,90,53,37,138,167,155,126,80,43,57,41,89,88,116,83,117,25,50,67,78,38,45,101,163,63,53,23,103,199,83,150,100,70,73,72,177,154,89,102,16,111,91,52,68,77,87,188,99,50,73,68,188,172,145,91,133,26,41,50,37,53,117,105,20,107,48,24,14,53,85,91,24,54,67,44,219,178,44,50,107,77,63,12,96,159,82,15,50,45,19,44,121,261,52,59,8,32,101,73,70,93,76,6,156,40,39,43,148,206,139,135,60,41,53,25,113,82,62,85,173,46,42,48,19,31,38,86,113,64,36,19,147,184,52,34,104,26,43,58,76,35,79,82,7,40,39,25,110,76,64,67,18,46,28,43,264,50,68,122,101,62,72,39
25,4.652834,47886,7326,7479,7139,118,40,980,260,66,22,101,69,48,90,71,28,29,10,53,30,35,35,39,114,155,95,94,120,25,26,52,163,247,81,81,48,77,27,21,46,80,83,126,66,44,23,26,14,112,87,63,50,34,3,21,97,162,109,85,6,7,21,84,139,184,128,130,62,81,66,20,16,68,113,110,41,22,50,46,15,36,51,124,58,53,18,26,35,38,149,185,199,65,17,74,88,63,130,115,78,102,94,49,46,62,60,84,28,30,46,19,84,61,17,89,29,73,21,39,27,71,66,131,219,14,46,15,70,216,173,160,121,69,2,45,93,110,130,170,93,48,30,29,80,108,70,113,118,82,85,71,78,50,62,63,69,55,37,47,82,97,127,146,241,20,32,31,39,31,70,125,61,105,92,65,75,231,188,195,182,68,66,45,9,28,85,101,19,12,22,43,52,121,72,92,32,264,61,89,120,115,111,145,121,44,25,27,76,160,162,137,197,115,68,39,59,131,88,53,72,33,33,64,43,31,60,82,39,86,85,22,93,155,105,103,126,33,38,9,80,108,64,15,30,19,14,18,90,106,64,82,57,23,3,24,130,138,123,105,260,69,45,55,116,109,42,173,85,51,41,27,55,60,72,91,89,48,21,37,21,27,64,131,109,26,12,20,93,30,101,151,84,91,36,43,40,96,66,54,141,25,48,31,26,152,107,147,88,40,65,31,145,148,176,135,41,66,60,80,101,63,153,268,100,92,53,64,142,62,149,154,82,27,7,33,159,266,154,193,191,21,24,28,52,65,27,36,85,43,36,22,3,106,33,30,86,115,92,44,63,78,96,122,156,62,21,35,41,87,165,123,33,37,61,93,58,113,91,32,72,60,66,41,28,122,147,72,127,92,68,69,49,153,146,117,97,61,51,28,90,64,72,55,26,56,29,46,62,81,76,124,143,19,9,37,83,130,132,97,45,57,91,38,74,83,125,65,47,63,42,46,66,57,105,120,79,57,97,43,22,48,199,151,51,13,46,43,29,262,67,98,133,56,26,32,45,53,35,23,102,18,40,38,56,27,75,113,42,48,27,26,16,46,36,82,205,188,138,47,54,8,95,177,23,42,31,37,78,93,82,114,141,25,50,31,30,38,103,146,120,44,25,33,67,153,145,51,188,46,67,52,8,71,98,128,39,31,71,41,165,238,60,40,18,31,36,41,126,63,74,49,69,99,58,86,118,180,121,114,105,133,98,67,33,69,73,57,34,3,14,18,71,144,43,16,72,37,8,26,77,66,32,81,166,47,15,27,36,97,52,56,45,24,31,271,79,38,71,197,254,75,71,45,20,49,69,51,114,117,96,3,79,144,104,87,38,37,26,30,56,135,106,51,35,95,37,39,44,59,50,68,37,62,23,36,42,23,129,175,112,60,17,26,90,127,48,51,30,47,15,2,95,173,70,110,206,56,259,34,76,56,54,80,36,33,52,18,48,110,152,147,89,25,62,17,62,32,6,57,78,10,53,21,35,36,15,37,123,21,27,45,44,99,87,75,61,44,38,49,33,45,6,69,78,38,8,9,79,81,34,132,103,44,14,47,11,110,80,100,83,33,39,44,38,80,67,119,53,33,59,46,51,114,55,12,131,45,23,54,95,143,222,121,42,32,71,67,48,118,75,56,154,36,53,79,89,166,120,46,53,117,74,51,47,34,35,48,55,79,55,34,62,58,48,473,2945,7157,7498,7345,5839,2468,4829,4276,1550,572,335,131,279,60,481,501,245,119,97,208,701,723,365,489,228,403,310,155,181,333,331,636,930,329,228,103,217,460,508,387,301,93,81,98,334,378,253,123,335,71,43,82,131,233,292,214,283,98,44,86,143,240,158,80,116,50,11,29,121,232,200,262,197,62,7,8,102,213,250,208,292,110,42,52,62,99,176,77,65,39,25,32,84,93,123,62,110,102,29,20,37,35,31,83,63,77,58,55,94,149,120,132,25,48,50,15,52,76,93,55,53,35,40,39,39,7,55,33,49,27,55,11,32,103,268,108,108,52,26,63,106,118,69,37,37,101,68,16,59,91,90,139,187,25,6,33,133,125,211,144,68,65,20,18,16,13,20,106,106,64,70,15,18,69,106,62,42,26,52,74,130,181,120,30,159,27,77,58,86,90,72,95,53,7,25,27,81,16,83,85,23,33,40,53,45,92,79,22,81,57,23,6,74,138,112,145,29,53,54,59,113,123,65,86,170,63,33,31,19,56,54,92,76,115,36,2,83,148,84,34,120,20,15,28,96,86,84,117,13,15,60,53,45,41,61,41,83,86,30,25,54,93,57,81,118,79,51,60
26,4.671596,47881,7346,7278,7278,118,44,1076,40,147,81,139,49,20,23,40,37,47,67,92,51,32,21,30,86,157,107,167,158,31,25,72,190,230,118,125,76,93,57,81,77,102,135,118,36,44,13,20,48,160,108,107,47,31,14,60,134,174,104,81,36,54,44,72,153,205,117,69,31,98,59,256,27,18,108,122,91,29,54,41,63,90,106,99,116,29,23,25,20,46,152,177,173,47,84,74,77,100,91,27,32,137,105,41,14,53,61,94,51,34,53,33,65,106,29,52,53,88,42,17,38,60,83,163,196,41,50,33,50,241,169,160,123,46,7,44,36,152,149,146,75,16,14,60,99,90,102,135,122,71,67,16,35,93,89,34,104,38,65,38,87,159,186,200,181,109,75,42,17,66,77,66,55,73,55,19,90,210,208,195,154,21,59,13,16,56,62,103,81,23,27,27,60,168,133,140,76,28,8,76,156,76,209,160,124,17,34,15,104,170,174,168,141,99,88,18,36,128,106,120,31,37,48,46,26,54,107,97,26,53,39,24,85,174,147,130,106,39,15,11,43,146,98,121,9,19,6,13,85,84,35,38,95,54,17,44,92,157,122,90,117,28,34,76,139,110,77,181,20,37,38,36,67,124,117,126,91,59,50,24,30,23,108,117,174,45,32,34,44,19,57,95,120,58,14,10,8,39,50,31,173,42,5,34,72,124,124,198,117,16,45,42,176,202,109,154,6,104,69,50,50,89,140,293,119,42,35,93,171,68,136,151,87,27,15,61,160,238,209,188,220,11,46,47,74,62,53,37,45,39,65,57,29,103,35,53,85,88,70,72,45,59,100,150,102,12,53,19,72,58,120,101,60,68,70,73,75,124,154,74,49,71,56,26,109,139,273,61,99,65,30,39,49,186,137,146,51,23,12,17,36,32,68,50,29,66,31,47,55,148,123,138,96,24,18,54,128,201,144,79,96,6,32,42,68,41,84,52,47,56,31,73,142,85,143,143,61,20,59,28,28,96,172,88,137,26,12,14,52,41,67,62,176,60,17,34,12,45,43,37,64,30,10,54,81,55,99,121,44,52,49,33,72,39,11,45,188,179,121,27,49,88,66,128,46,52,27,16,67,83,94,141,74,43,44,16,65,85,63,120,132,93,51,10,44,139,176,32,181,90,111,86,61,145,92,36,84,65,85,50,105,222,147,81,50,51,39,46,123,69,19,48,92,136,109,123,152,253,141,30,179,113,156,61,39,77,93,65,49,41,74,54,97,128,16,76,86,12,8,22,104,74,68,123,220,52,10,37,75,119,39,47,44,12,45,261,109,68,110,214,256,88,60,19,23,64,40,32,126,98,60,45,119,155,96,59,39,28,29,42,84,138,102,95,72,56,10,37,39,45,44,115,45,66,30,38,52,32,103,117,120,38,31,45,48,162,157,122,17,71,52,41,105,138,85,124,192,43,58,38,87,104,86,95,16,34,28,23,35,77,148,138,59,19,38,9,68,115,98,55,93,25,38,16,12,46,19,29,113,39,18,24,53,60,111,61,84,39,38,35,39,84,16,3,25,40,28,57,93,97,62,101,67,35,32,43,65,158,84,75,87,6,87,63,46,20,46,131,55,71,65,8,104,146,92,28,169,42,16,12,88,183,244,144,58,33,59,22,111,172,96,23,191,20,11,58,78,180,174,104,81,124,128,78,47,24,52,88,87,159,97,76,37,27,81,550,3391,7291,7290,7339,5940,2718,5172,4025,1764,781,425,151,335,258,377,469,145,160,69,326,945,819,426,515,262,381,275,142,207,346,351,594,1036,423,220,82,211,476,593,483,419,151,79,145,367,484,266,206,397,106,45,93,101,300,423,268,277,155,137,67,125,244,178,105,181,86,27,67,132,196,207,181,183,93,108,86,145,186,252,254,371,138,59,82,94,146,187,96,117,104,50,31,83,99,163,100,86,94,74,61,59,36,59,97,52,94,51,33,90,121,168,193,56,48,18,28,84,120,93,62,68,21,22,43,31,33,33,26,134,101,49,27,67,129,67,135,193,109,80,53,99,181,130,96,61,82,39,46,78,135,112,136,145,91,55,66,172,201,225,160,71,56,35,41,94,42,10,36,65,99,69,15,32,25,96,34,15,41,26,59,154,181,84,102,120,95,76,44,28,66,124,101,99,87,40,27,80,277,63,11,36,50,71,34,30,106,100,28,106,79,80,26,92,133,157,203,60,40,54,55,103,173,78,67,192,86,30,28,10,11,21,86,90,99,35,13,84,196,88,26,154,27,11,38,84,48,93,92,65,31,35,21,79,114,57,33,95,90,36,50,21,162,111,108,12,55,34,42
27,4.709118,47943,7490,6999,7077,118,40,986,62,80,115,108,115,74,35,12,30,22,16,65,96,61,19,5,46,98,174,133,87,111,37,56,140,206,233,126,131,81,70,91,46,27,137,51,71,67,19,15,43,112,195,83,20,183,3,27,18,124,147,153,74,91,49,67,48,108,208,199,126,98,93,62,97,75,109,200,69,179,34,45,17,48,83,22,87,147,5,71,39,44,90,137,106,146,52,35,34,42,156,125,45,86,128,78,58,14,79,140,87,38,68,85,70,8,19,41,76,111,28,7,23,16,58,36,115,192,45,66,23,38,158,82,99,63,262,18,47,45,148,129,112,40,24,24,82,85,14,59,77,91,123,123,63,65,119,204,17,96,93,78,21,55,164,187,154,185,26,30,19,73,72,96,87,45,72,78,31,42,192,229,136,131,75,106,62,50,83,86,83,92,78,47,34,91,179,129,54,262,59,75,87,131,92,216,55,113,44,56,30,47,120,102,100,142,59,57,19,78,78,73,87,18,22,69,45,15,81,39,40,25,66,54,42,120,182,183,92,105,73,70,69,68,114,56,58,30,16,42,11,51,121,162,88,134,95,22,41,75,115,112,26,100,15,14,9,90,114,223,172,31,60,74,69,122,122,142,48,131,33,59,31,33,56,36,60,102,54,44,58,111,69,112,102,116,48,36,22,23,42,84,47,161,49,31,40,65,65,41,36,107,42,58,46,126,210,235,133,61,85,92,19,76,91,73,117,123,17,73,67,124,29,173,154,100,39,44,14,147,253,156,141,139,5,21,17,35,31,83,23,26,47,98,24,35,81,50,33,136,67,41,33,29,86,54,82,86,43,37,15,47,65,171,96,73,70,83,66,16,104,69,56,127,73,60,32,71,61,58,87,95,96,42,40,41,154,75,100,127,31,24,40,28,83,105,72,51,36,56,43,74,131,53,162,170,17,19,44,106,140,132,35,24,22,36,49,94,64,222,82,65,49,58,45,17,73,124,137,88,55,34,61,82,67,170,76,95,22,37,20,12,68,91,35,73,44,12,10,11,47,96,56,109,27,18,88,73,75,139,41,46,30,59,17,48,38,90,51,135,133,101,46,54,90,82,109,117,15,5,34,51,77,91,98,108,76,75,14,33,62,101,80,120,85,86,34,45,190,165,44,178,92,143,264,38,147,201,54,73,57,118,80,148,146,69,45,7,52,42,52,62,62,61,99,80,85,97,94,139,222,63,47,150,104,110,26,9,52,93,87,63,63,68,69,108,134,29,57,69,38,52,34,76,152,38,142,230,64,32,20,37,50,89,31,10,44,55,83,92,60,91,100,140,52,82,36,17,96,204,70,153,125,96,23,67,100,130,76,41,62,61,32,78,158,166,100,65,25,33,37,36,50,89,100,57,31,2,54,50,57,64,63,35,68,59,24,16,132,192,25,120,12,32,22,122,137,115,37,74,25,12,47,58,80,107,19,77,57,62,37,52,131,120,82,63,59,78,11,62,131,133,2,94,35,43,51,42,58,77,7,150,10,36,77,139,56,76,45,89,22,27,28,45,19,65,26,71,61,5,30,67,66,78,90,68,20,48,60,16,110,69,11,259,72,50,43,49,20,122,80,16,80,124,50,43,66,75,7,143,11,40,64,127,132,117,70,70,25,91,79,45,175,48,72,203,32,44,81,146,121,92,37,83,113,89,81,36,72,75,36,94,68,62,65,39,35,49,511,3362,7079,7005,7496,6059,1877,4611,3971,1387,571,393,233,418,327,415,636,339,123,144,341,681,540,427,313,397,394,297,228,404,571,309,580,1104,387,279,114,210,377,451,379,355,187,114,157,359,364,179,208,357,79,121,156,214,311,379,235,237,119,136,65,142,256,242,196,259,39,41,43,146,243,284,167,226,53,49,39,186,255,245,272,367,98,67,49,94,136,159,48,122,114,94,93,140,92,140,74,82,137,96,59,57,108,215,82,81,93,97,58,106,184,191,167,38,16,18,75,85,169,132,114,127,63,88,80,85,78,3,44,159,116,65,47,88,287,99,113,114,97,97,41,92,138,56,52,43,85,66,51,100,167,170,160,163,27,43,55,142,128,164,90,112,34,60,57,2,58,78,28,98,101,99,74,95,59,209,42,46,36,53,44,136,135,117,84,67,96,100,26,57,76,51,79,167,49,21,51,85,59,61,39,8,32,82,43,32,49,51,14,24,42,39,35,118,195,231,107,28,16,37,30,41,73,92,90,117,25,22,26,67,60,87,23,59,91,30,11,87,185,89,35,79,30,49,19,39,78,176,75,95,39,81,38,83,83,89,38,74,33,33,43,47,118,41,91,113,83,67
28,4.671596,48070,7481,7432,7258,118,44,1079,61,65,71,84,173,102,63,47,7,7,38,47,63,86,63,51,54,28,49,147,182,152,159,210,60,76,64,218,206,125,109,42,99,114,79,17,131,79,89,103,37,45,12,117,161,152,61,142,48,44,73,74,103,68,37,63,92,63,74,172,205,118,82,52,44,39,27,29,19,52,39,113,91,46,24,59,71,73,86,193,73,26,31,55,54,111,101,121,107,53,60,150,130,49,24,75,111,88,14,53,58,45,33,94,15,57,35,30,8,24,8,73,17,14,12,73,53,60,105,136,29,18,17,109,175,104,265,31,20,50,56,83,175,175,101,31,13,27,25,54,52,73,19,88,143,58,13,78,130,140,61,157,36,50,43,138,179,227,198,225,89,56,49,24,51,63,50,47,54,51,42,103,197,108,147,137,64,42,22,56,76,85,118,8,32,37,22,133,146,35,45,138,48,62,97,149,54,107,117,165,24,19,29,97,124,159,125,169,81,48,15,97,101,43,40,44,52,91,19,60,80,89,82,12,95,79,17,163,230,174,170,169,72,51,27,109,144,136,102,26,41,42,34,18,84,42,71,150,73,26,62,136,268,77,23,105,28,55,84,94,38,63,94,23,11,7,74,74,68,127,74,155,26,23,14,16,76,79,24,61,56,71,46,86,7,44,109,88,53,21,5,31,36,67,18,220,58,18,17,61,105,105,144,68,66,59,63,103,131,104,62,24,28,96,52,106,130,209,120,143,42,32,64,153,52,110,77,98,27,69,46,157,211,178,191,155,22,29,20,35,43,19,34,35,25,39,19,43,41,62,31,110,72,58,13,44,87,76,137,139,84,58,17,36,25,17,30,13,4,25,37,26,124,208,95,32,37,53,257,127,118,104,30,112,102,97,46,84,250,209,144,42,46,75,8,22,49,58,60,47,73,62,36,108,162,116,117,139,13,32,53,87,110,96,24,62,33,12,79,141,47,97,53,92,49,44,20,85,53,119,112,36,47,69,31,35,28,85,68,129,23,20,11,14,41,78,14,124,25,15,23,11,92,67,55,111,57,51,89,81,41,106,67,9,69,68,17,25,48,35,81,161,102,37,30,58,106,120,72,41,69,82,95,124,83,77,71,59,71,29,58,59,82,92,56,116,46,41,19,65,140,150,66,152,27,102,33,90,122,148,85,72,60,67,58,217,232,105,62,28,44,72,68,112,34,57,34,74,134,150,54,135,281,204,65,197,106,144,31,33,17,46,65,41,68,96,47,78,136,33,40,77,69,19,38,60,36,17,84,201,37,29,28,16,86,64,74,258,36,67,77,95,76,110,99,189,10,21,48,51,8,42,14,120,61,18,39,71,69,82,50,5,69,43,54,62,85,79,51,76,63,70,12,29,104,113,88,54,34,28,32,48,76,108,79,89,30,59,43,120,224,259,126,94,53,17,54,102,118,43,272,124,27,16,52,189,104,141,86,20,27,38,32,66,150,119,112,23,63,42,59,111,149,162,60,50,34,7,37,46,25,73,109,170,34,38,37,110,57,66,18,141,65,59,22,37,20,24,13,35,20,30,64,205,144,129,111,109,73,61,64,30,122,262,90,90,79,58,64,67,84,52,57,22,48,29,54,23,85,79,38,197,72,37,100,114,40,124,65,72,76,82,53,101,172,98,12,243,36,32,67,140,187,172,62,53,164,108,65,83,58,19,91,80,105,94,111,120,54,121,562,3613,7260,7435,7484,5932,2090,5672,5583,1602,1101,724,142,530,568,734,474,140,187,278,379,731,577,356,282,509,435,228,160,353,481,351,577,985,385,310,170,420,399,374,367,460,252,88,110,402,453,264,295,469,114,43,41,137,230,319,283,300,142,103,125,175,336,422,414,353,46,27,56,81,282,176,171,152,71,50,63,171,230,230,228,386,91,105,84,91,96,112,77,122,144,88,70,73,10,82,100,144,173,105,72,25,31,67,56,119,43,28,50,118,144,221,143,38,47,40,56,131,140,161,112,89,76,58,33,41,45,45,16,189,80,89,17,143,169,125,168,147,81,87,63,135,205,178,83,25,120,95,55,108,119,165,185,122,82,72,48,149,174,193,134,146,60,50,42,12,56,32,34,46,138,106,25,78,78,61,8,27,2,28,92,149,140,62,20,141,99,117,12,24,25,72,69,93,23,28,23,88,65,54,46,53,62,60,52,30,94,137,43,128,136,65,19,88,136,99,107,96,28,75,53,79,151,134,124,211,112,90,43,56,10,68,52,131,81,71,45,137,251,181,73,72,25,46,50,41,38,111,42,12,45,29,8,96,103,105,24,51,9,81,42,12,126,94,75,82
29,4.690357,48085,7331,7079,6518,118,48,1125,269,79,62,55,111,141,94,150,37,60,42,21,33,46,16,61,46,32,28,83,214,159,117,135,117,76,13,128,235,175,96,83,43,110,52,45,77,117,97,119,72,71,25,63,203,116,68,11,27,59,80,77,201,160,78,58,123,79,99,97,221,176,126,64,49,55,22,28,47,31,66,36,55,61,23,66,106,141,93,39,34,49,23,116,87,83,117,118,72,84,81,85,140,93,35,73,211,65,4,52,107,93,40,9,12,70,78,85,90,23,26,53,123,24,35,48,40,48,104,183,40,17,11,93,274,280,135,94,103,61,30,37,141,141,140,198,40,38,29,31,131,68,43,52,137,114,61,21,122,98,101,37,67,108,53,136,207,161,193,222,48,82,11,34,94,46,75,75,132,28,36,35,186,254,169,163,119,78,42,52,103,78,105,165,83,64,36,42,151,115,108,75,96,24,56,124,124,92,150,157,40,22,34,49,171,167,125,166,135,98,70,36,105,124,92,90,43,52,6,37,56,74,111,124,74,61,12,76,165,185,140,204,47,52,25,26,139,197,95,108,62,51,43,52,68,35,84,115,98,46,20,150,173,96,30,51,82,68,60,28,91,106,122,86,60,50,51,10,106,90,68,95,64,45,22,27,37,47,130,168,99,16,19,33,47,80,74,147,46,55,23,27,65,51,60,64,114,23,31,12,58,117,47,47,118,74,83,81,209,214,112,19,24,136,23,4,183,132,104,160,34,46,63,193,206,81,98,133,106,29,30,92,262,271,190,170,58,6,13,80,94,35,12,37,82,60,27,57,27,71,72,69,90,36,29,26,99,141,121,174,126,89,33,55,97,50,65,99,28,76,62,94,169,205,106,26,27,71,13,84,187,176,108,171,69,93,47,69,222,245,157,144,25,48,47,51,31,39,10,77,102,42,8,102,145,152,102,175,68,10,59,36,137,168,107,75,35,16,59,118,199,44,55,45,42,71,2,73,108,95,96,101,38,39,58,23,28,83,101,91,21,260,8,3,20,41,39,37,105,39,44,19,56,106,49,79,83,52,44,48,59,63,84,57,58,69,15,14,25,33,62,107,118,92,61,56,51,61,103,140,31,62,47,12,28,36,42,115,53,69,17,74,91,49,79,55,35,39,15,36,218,231,135,33,28,116,52,52,157,221,131,112,37,87,11,95,181,179,116,86,17,16,38,112,114,69,69,80,120,145,84,100,350,332,149,95,102,210,115,24,34,37,51,87,57,82,16,42,107,85,85,49,82,88,11,7,24,72,71,121,107,69,43,15,69,106,83,8,63,59,45,72,92,107,91,151,12,78,10,36,113,20,46,49,79,30,24,98,173,91,54,86,93,34,30,27,122,114,85,28,81,36,29,37,80,69,42,40,112,19,35,42,34,50,65,134,64,43,31,113,171,192,150,35,134,64,91,87,197,128,28,138,77,53,33,123,191,79,77,63,102,22,48,38,160,199,170,153,38,89,32,147,230,107,46,12,41,40,23,47,38,20,74,115,39,40,43,107,141,96,115,83,74,94,38,14,43,49,51,24,49,54,20,179,203,101,80,124,90,61,20,11,181,149,184,154,49,43,55,62,73,74,48,88,64,27,25,64,157,102,81,34,25,43,67,119,148,134,121,91,27,62,53,41,140,199,101,50,103,51,43,100,206,273,163,78,117,136,144,42,95,31,53,115,146,75,105,83,75,69,198,2107,6526,7087,7347,6442,3337,3316,5892,2880,794,1128,104,586,718,437,618,593,227,218,264,455,765,534,342,444,376,244,132,233,457,376,370,760,534,420,170,292,533,453,282,311,255,253,59,317,566,433,202,331,278,67,22,128,320,402,201,167,165,114,135,149,292,404,389,372,141,40,5,97,366,302,143,161,94,48,11,78,234,227,150,247,196,58,33,83,149,87,36,77,214,92,48,60,77,45,98,178,213,96,88,52,27,43,97,146,94,31,45,104,187,195,150,63,54,25,23,151,190,171,141,88,110,62,22,24,40,36,38,71,107,70,30,43,160,178,132,182,82,77,42,67,154,237,93,83,35,39,8,65,106,140,191,168,39,72,33,104,208,168,158,145,156,62,82,49,15,32,25,38,33,95,8,42,66,60,64,78,137,8,86,130,226,161,71,89,127,107,64,5,63,118,146,177,98,21,74,85,143,118,57,29,34,109,77,86,182,150,67,68,106,27,23,51,90,143,149,147,99,45,59,78,209,236,144,189,111,102,60,66,53,16,56,113,66,76,21,43,179,176,130,94,41,14,53,68,55,39,55,62,41,42,18,43,99,85,15,74,45,49,27,25,134,160,104,127
30,4.690357,47732,7440,7287,4545,118,40,991,94,136,72,36,45,13,33,84,67,63,95,15,9,42,103,117,27,70,165,91,17,82,253,165,122,90,26,140,68,27,60,127,87,74,100,67,20,42,156,181,44,78,257,109,32,36,163,89,72,80,182,79,72,109,218,208,132,104,32,106,45,40,50,21,106,51,166,77,45,64,67,65,97,33,114,3,58,64,104,129,100,144,120,71,65,72,85,91,58,22,201,177,55,19,87,87,84,85,67,77,128,93,110,64,43,86,159,62,43,7,51,86,15,119,187,48,48,29,162,74,60,42,41,54,23,41,120,100,113,168,13,29,15,17,91,36,55,84,163,128,114,48,56,118,64,75,138,119,60,34,136,134,114,120,100,99,9,82,78,30,68,49,35,60,62,58,147,188,144,100,140,75,59,44,26,43,54,121,104,52,11,31,81,137,54,14,142,26,64,287,137,29,140,113,46,68,25,17,130,80,63,92,172,106,32,32,126,113,84,55,77,51,61,27,65,84,74,138,106,89,59,17,124,67,43,80,93,61,56,40,129,115,33,14,39,73,19,46,63,23,67,67,230,84,70,31,186,35,56,59,99,100,73,110,210,170,149,148,117,52,75,104,101,88,90,52,154,23,23,25,49,55,32,101,128,27,43,51,144,63,73,174,61,68,83,24,27,55,20,40,211,60,35,49,22,32,50,49,165,29,62,101,212,179,131,78,72,122,71,45,127,77,105,152,141,2,14,85,200,51,139,144,217,52,13,25,201,215,164,125,57,39,59,48,17,49,3,4,40,2,20,57,37,52,42,35,145,51,41,27,80,61,77,123,169,82,63,52,82,56,105,115,78,95,59,109,83,35,88,25,81,101,45,50,148,158,49,83,269,144,105,92,68,86,82,135,77,55,17,39,72,92,53,68,92,102,33,64,123,33,69,147,168,5,79,73,84,62,52,5,58,26,53,72,192,171,107,53,84,108,29,19,77,84,88,125,29,78,77,65,78,27,79,113,50,40,41,52,30,85,22,261,91,68,16,19,42,92,15,34,130,63,80,98,87,26,109,20,64,85,51,42,72,140,82,93,89,92,61,53,58,30,110,156,107,88,105,117,144,151,15,59,5,36,48,40,30,22,41,80,35,38,43,44,73,76,128,44,51,136,64,38,77,132,5,89,69,98,70,64,182,150,53,56,7,51,41,29,121,52,28,40,65,100,91,34,172,233,99,106,117,194,78,18,54,97,103,97,57,137,58,66,130,101,32,41,71,96,41,104,106,141,45,102,49,37,79,65,73,75,37,48,36,73,53,64,74,259,89,62,46,92,27,49,96,77,58,43,103,35,60,35,94,33,96,99,32,70,48,15,129,94,62,46,159,3,31,68,59,3,96,66,128,41,28,53,19,13,12,86,173,79,60,97,82,157,95,29,204,89,46,68,167,71,29,62,95,62,12,80,179,122,62,106,199,40,59,50,56,133,159,119,85,90,48,39,99,87,14,96,74,102,27,39,72,39,57,85,235,52,52,53,86,40,120,44,147,86,28,62,55,42,93,35,90,90,51,95,227,145,87,142,89,35,46,37,9,67,83,62,42,71,69,260,13,56,53,96,26,37,30,71,38,29,62,73,186,46,41,109,208,17,106,71,42,87,44,80,132,194,118,34,280,88,85,114,146,129,108,60,63,118,105,102,77,113,63,100,142,78,77,111,81,80,13,747,4554,7296,7450,7461,6010,1138,5756,4195,1234,1404,314,376,590,281,601,569,228,180,218,420,814,407,165,329,790,325,172,180,360,233,202,534,824,589,259,204,521,380,216,222,478,298,104,149,494,266,189,153,462,88,31,101,301,246,217,130,242,166,142,126,170,260,302,388,445,36,47,21,261,245,101,103,272,60,70,4,100,208,197,198,445,115,52,4,59,27,55,43,193,129,76,91,107,24,108,110,326,163,94,78,95,103,141,125,73,99,87,81,134,122,152,40,47,41,76,69,117,150,127,133,173,67,34,30,48,12,60,7,216,86,36,36,139,135,110,114,267,99,79,23,115,159,61,102,76,71,81,45,97,124,124,116,46,96,45,41,101,96,141,81,166,47,3,27,33,95,34,14,66,194,132,46,31,61,55,45,157,4,49,89,214,181,76,43,245,124,73,43,56,29,97,118,198,5,50,70,108,84,33,9,83,134,75,56,61,13,47,41,140,34,14,35,72,140,117,139,28,57,85,57,71,90,91,68,250,126,60,52,69,29,25,87,113,88,61,37,104,120,98,94,37,25,17,22,48,114,90,42,58,58,17,11,65,48,10,70,55,72,17,54,42,54,33,90,216,94,82,28,43,83
31,4.690357,48004,7135,7623,7614,118,48,1231,12,49,106,160,121,98,69,10,3,7,115,83,69,55,77,89,94,85,128,145,182,198,183,63,57,132,262,245,204,118,63,129,112,66,85,86,95,122,96,87,52,13,183,208,129,42,121,25,21,75,167,186,120,54,50,56,55,99,144,183,150,56,65,27,68,13,20,20,95,64,96,102,81,24,85,80,90,60,199,22,24,47,99,15,140,133,164,91,79,71,155,140,37,18,122,144,83,56,85,57,44,24,104,24,49,57,41,17,82,27,156,21,27,15,93,91,70,59,154,54,29,23,132,170,144,50,94,98,7,68,102,74,125,133,25,42,41,67,112,72,70,14,159,131,80,31,53,120,156,71,217,63,71,46,132,117,161,191,230,106,20,38,92,43,119,50,22,62,60,8,97,209,193,188,160,77,43,18,58,60,125,128,32,44,43,28,184,151,112,88,228,55,37,130,202,70,186,151,119,63,27,44,174,191,136,109,230,147,91,25,123,159,70,102,29,53,82,45,49,75,69,97,29,126,55,39,159,143,157,177,148,75,54,36,142,148,105,92,40,35,33,12,36,19,48,106,177,67,16,131,224,62,46,54,173,14,31,72,123,74,137,115,12,14,38,68,96,56,141,93,199,49,61,32,60,44,118,92,29,72,48,72,143,49,77,51,47,64,2,15,8,16,61,19,226,65,54,60,83,186,126,123,68,44,68,109,149,200,142,69,97,86,103,75,151,72,151,162,167,37,52,120,224,44,216,109,159,32,48,56,173,242,237,207,188,17,28,23,33,63,39,56,58,26,59,21,51,107,109,60,97,60,62,34,109,117,99,181,158,67,52,29,3,49,132,89,41,22,47,100,106,86,189,95,28,77,76,32,280,198,99,108,138,138,69,48,124,224,193,229,75,76,43,29,20,28,43,70,189,89,80,40,80,65,109,109,139,41,24,11,50,48,128,36,158,38,47,107,220,49,25,29,87,45,45,48,108,46,102,116,66,27,62,65,47,4,101,111,106,44,78,37,56,44,30,25,110,37,16,28,52,106,13,23,144,39,47,80,128,17,110,44,41,125,51,27,36,20,42,114,169,124,87,62,96,80,126,150,81,77,77,101,128,111,25,8,39,90,46,16,81,45,109,71,126,45,44,50,23,122,176,56,151,132,284,39,94,109,130,67,100,60,69,90,216,230,147,80,34,42,35,69,124,113,49,74,71,125,96,35,171,265,174,120,170,154,128,14,13,78,85,113,37,47,71,81,175,198,55,76,43,84,48,38,85,94,72,135,139,51,42,40,66,81,83,40,23,35,36,74,131,68,85,66,239,19,22,11,82,38,50,44,133,97,68,63,144,38,95,70,36,75,56,43,66,87,110,54,97,31,19,25,46,35,98,70,25,43,25,29,22,40,58,95,81,33,28,19,170,214,187,101,98,72,65,50,127,104,82,104,297,60,31,66,183,55,123,51,58,13,20,55,66,102,96,140,45,71,58,42,158,54,109,108,63,99,4,24,32,9,46,93,175,53,31,33,143,50,120,2,118,111,27,17,63,28,78,11,50,80,46,64,219,129,134,107,70,27,54,71,28,65,92,276,85,67,60,47,28,112,16,100,31,64,16,12,108,105,56,40,214,57,38,72,200,153,169,101,53,88,20,27,65,207,81,18,319,53,30,116,248,202,214,68,110,116,64,16,32,21,31,85,138,59,79,111,96,21,34,561,3853,7610,7619,7130,5868,2138,5602,5273,1697,1382,547,354,761,267,838,634,129,151,259,502,829,626,436,391,569,358,217,218,324,312,299,555,785,522,270,181,430,438,410,352,460,211,82,201,513,437,322,241,503,79,4,133,241,279,339,187,252,176,159,135,294,338,415,379,397,56,21,73,272,305,223,163,141,115,34,82,216,206,175,177,454,122,70,71,71,24,73,90,159,122,76,107,136,17,87,97,186,149,137,54,24,16,105,14,56,66,46,48,143,104,167,102,27,46,60,96,189,82,134,126,137,72,48,68,77,37,49,13,165,58,67,55,291,192,121,156,162,78,121,64,187,265,163,67,47,100,84,67,131,116,202,185,101,88,68,79,143,144,204,114,135,125,41,45,33,32,16,46,61,122,77,14,57,55,37,38,34,29,29,42,146,161,88,12,178,75,73,24,95,103,131,147,78,22,55,256,60,116,85,33,57,70,55,73,135,116,78,45,169,68,58,51,128,178,174,110,133,58,41,29,106,95,103,128,180,44,28,30,50,37,69,50,118,42,42,7,97,159,199,145,96,7,23,50,40,29,85,34,43,61,49,53,134,82,97,74,33,70,50,25,36,82,108,83,47,82
32,4.652834,47760,7207,7432,7404,118,52,1273,87,79,69,6,22,38,64,31,68,60,38,37,24,51,62,161,167,124,134,25,36,81,155,263,177,121,121,123,139,64,50,33,105,71,103,68,37,74,100,239,166,63,52,29,53,40,19,155,129,59,17,40,51,40,99,143,160,105,66,54,25,17,23,279,46,59,36,122,79,33,39,39,83,80,74,29,43,8,50,38,122,81,112,43,43,44,57,154,121,49,22,101,73,17,66,29,4,49,49,22,95,50,36,68,21,25,28,57,18,13,54,36,37,27,211,33,38,46,54,183,218,77,163,96,37,52,20,110,139,117,84,9,6,57,96,115,80,28,89,137,71,23,44,108,212,101,114,42,94,44,39,79,182,150,247,93,69,28,126,54,92,68,26,68,48,54,37,162,219,143,159,103,61,50,31,124,76,104,79,78,40,33,78,90,116,66,71,92,78,51,119,126,173,92,191,20,8,18,31,185,224,132,162,98,101,6,99,158,71,55,53,39,92,41,12,12,32,78,80,148,73,12,51,153,163,166,212,57,27,18,99,144,127,54,57,50,54,62,8,123,105,67,109,107,34,30,173,138,120,47,45,43,258,84,120,38,100,125,25,44,47,88,83,114,105,123,136,61,36,38,8,20,125,81,152,65,59,68,68,57,101,64,158,40,41,42,23,43,77,42,130,57,43,6,23,115,100,104,209,23,41,98,120,167,125,98,39,74,124,65,131,140,116,87,76,45,18,79,129,83,175,91,62,54,22,5,111,238,245,186,257,55,20,49,48,65,75,21,61,26,65,11,47,75,54,39,34,65,56,39,43,11,111,101,119,44,51,6,77,35,127,74,21,60,57,54,61,143,192,106,59,93,127,14,114,155,122,102,125,112,86,49,54,212,194,144,98,78,50,21,8,100,52,57,58,73,89,54,108,67,119,81,141,39,22,26,31,68,154,90,84,23,69,82,183,129,86,57,92,38,86,22,60,95,109,115,59,41,67,53,31,39,104,76,74,8,58,42,26,25,53,258,157,22,34,8,42,29,40,23,59,32,44,46,87,108,128,82,81,98,69,18,37,55,40,78,180,151,86,61,42,54,76,135,74,82,84,86,72,57,22,10,100,71,42,35,46,72,100,72,107,18,67,45,5,189,223,98,170,76,114,51,21,85,165,85,48,72,54,30,100,184,153,93,35,47,33,49,108,166,65,37,32,142,107,24,72,205,201,98,118,138,187,71,27,95,70,37,72,34,79,63,100,125,53,55,105,61,67,42,79,104,58,131,272,77,48,20,27,71,98,76,15,13,60,103,82,113,98,61,318,26,36,18,49,25,45,69,120,111,21,38,107,119,124,47,48,84,30,18,35,64,89,104,36,18,14,33,34,61,120,71,142,67,33,6,32,47,37,31,56,25,58,27,59,189,231,193,36,65,45,48,115,174,69,92,172,54,27,18,260,50,117,112,41,21,20,32,12,95,146,92,87,57,66,23,110,103,130,90,117,125,23,27,56,60,65,59,128,62,36,52,118,98,165,79,117,59,46,37,49,9,68,31,53,68,21,52,162,85,122,99,118,47,47,21,6,120,134,85,147,96,53,264,10,65,47,46,54,74,33,35,57,130,47,34,163,72,62,71,133,192,215,144,77,52,86,35,26,94,147,54,172,6,51,80,154,226,217,89,63,175,115,69,5,68,39,59,193,52,78,53,60,27,39,261,2625,7402,7429,7204,6580,1616,4903,5981,1893,1223,828,193,735,269,824,697,346,160,154,352,725,640,435,356,438,374,272,154,172,287,258,395,1001,499,382,138,267,501,492,362,405,224,128,109,375,576,429,215,392,156,34,79,137,343,437,264,329,147,158,139,127,213,428,398,413,59,42,13,126,276,250,142,179,273,34,37,113,212,199,160,304,115,109,61,103,188,93,45,61,151,77,67,106,112,81,72,146,145,130,47,43,30,118,72,94,115,73,42,90,100,195,126,31,52,67,60,86,88,157,126,76,47,49,35,34,70,61,38,164,60,90,49,63,174,177,165,219,56,121,55,133,206,185,67,28,67,82,38,58,127,185,185,228,65,90,65,96,230,221,146,119,155,82,37,27,28,33,56,92,89,133,35,12,51,59,42,59,11,56,84,95,153,75,67,108,112,67,16,53,112,152,114,83,22,12,22,68,101,66,85,53,34,101,91,57,151,131,39,45,107,39,41,120,182,185,85,106,82,69,31,20,35,169,120,273,49,74,46,38,42,47,51,127,69,102,63,25,130,186,102,84,14,26,24,30,35,98,93,46,29,37,9,60,74,96,48,88,87,34,59,62,104,273,45,61,87,72,35,34,169
33,4.690357,47761,7515,7413,7101,118,36,893,22,71,43,57,58,39,30,29,9,35,92,34,20,35,89,197,140,71,106,71,2,14,145,252,116,89,72,92,111,36,12,103,99,99,92,41,45,20,81,202,94,32,179,17,55,59,110,238,152,64,86,51,87,107,137,291,239,154,96,51,51,39,10,279,226,93,130,65,67,26,50,97,25,81,58,62,66,31,40,44,146,129,114,77,92,105,101,211,124,51,129,169,78,55,26,97,175,105,21,52,106,95,45,94,57,39,102,108,41,23,37,81,37,81,198,55,41,30,130,316,141,101,71,90,31,0,265,194,158,109,117,52,54,13,37,72,71,91,123,170,88,45,9,123,179,30,105,43,120,44,87,230,202,142,152,57,53,18,31,77,133,34,40,36,24,17,36,190,165,110,59,131,64,28,39,147,100,26,126,72,38,17,53,154,115,74,57,28,62,262,54,105,149,133,136,40,27,7,78,225,163,60,160,130,129,55,100,149,67,79,124,64,67,27,31,48,100,106,95,77,41,8,59,165,137,60,95,25,44,16,66,152,114,35,40,57,29,48,53,94,111,44,78,87,21,47,137,206,82,13,30,43,6,81,89,148,195,109,81,40,53,64,52,134,163,60,64,71,28,31,35,50,109,91,100,72,34,9,58,99,132,94,160,35,24,32,16,27,66,28,107,7,21,36,30,25,41,44,108,83,72,124,122,236,196,92,70,54,132,53,116,187,45,76,57,263,43,55,142,106,87,106,102,73,42,31,150,284,232,154,124,44,16,21,74,122,55,40,12,64,58,36,42,64,56,20,87,106,44,79,51,50,84,100,113,95,53,16,57,104,103,66,34,27,83,91,89,143,102,64,123,52,78,69,91,158,83,28,267,88,127,84,87,176,86,62,97,56,51,51,48,53,50,41,20,72,71,23,41,113,72,122,213,72,43,76,78,166,106,46,73,84,17,50,100,127,240,99,86,6,24,40,69,94,74,62,43,23,21,3,39,90,126,86,83,64,14,34,17,22,56,264,73,42,17,7,8,35,45,37,88,85,39,42,65,111,167,67,49,87,32,32,30,28,98,87,125,81,60,30,48,55,73,68,77,29,80,49,68,45,70,67,173,35,45,48,35,84,39,67,73,28,59,38,37,234,163,49,81,36,134,104,73,177,294,97,28,55,130,37,112,149,113,52,58,30,48,39,101,99,18,31,31,134,130,88,157,314,110,61,65,144,166,67,17,60,138,88,103,59,90,9,64,69,35,22,62,89,54,51,77,73,38,59,105,139,60,40,26,71,51,33,18,26,54,47,51,93,54,68,142,31,40,24,41,122,198,85,136,54,23,24,59,127,93,80,48,107,55,85,97,149,145,54,83,23,16,51,74,91,31,50,47,112,43,16,29,67,56,47,114,128,87,78,70,122,203,42,153,108,70,55,109,180,66,69,122,92,41,64,15,122,150,62,73,13,50,51,26,190,185,142,55,69,88,16,95,179,182,82,142,104,60,28,41,27,77,70,180,30,57,28,27,146,107,61,82,53,31,20,27,70,64,42,15,69,59,68,188,167,59,54,69,76,45,10,15,144,129,87,78,72,72,19,66,97,60,115,89,119,52,43,56,132,123,94,95,64,58,51,109,109,160,88,43,7,29,48,76,125,118,62,124,134,106,63,125,249,216,104,169,166,150,93,53,30,36,40,59,113,89,91,108,106,52,297,2588,7127,7438,7540,6634,2112,4774,5667,1439,914,877,90,440,298,358,432,322,190,256,336,522,613,220,116,435,415,251,154,265,442,316,380,882,543,389,148,307,578,365,255,312,257,152,88,318,626,341,157,326,179,12,81,168,458,403,175,176,131,206,161,198,287,383,314,345,113,66,29,172,418,224,101,122,76,54,26,97,289,240,157,256,179,63,60,56,217,159,93,80,140,100,53,97,99,116,127,222,262,144,96,81,109,201,160,195,112,54,49,124,191,173,109,65,28,48,56,121,185,192,151,123,123,58,32,43,82,71,28,89,107,100,52,57,157,143,98,114,78,130,46,75,116,118,27,25,54,72,40,82,126,137,124,138,44,51,26,79,210,172,117,137,145,96,92,40,1,87,46,28,82,136,59,31,84,193,71,40,104,64,103,143,220,145,88,83,153,96,70,28,64,92,107,220,75,59,56,85,107,58,24,70,26,126,101,65,163,55,93,96,92,18,41,34,101,219,180,129,90,71,114,104,172,133,96,248,146,125,71,95,100,21,70,60,67,81,27,20,172,156,63,64,44,34,42,65,56,175,74,40,32,40,27,22,71,42,27,68,67,51,18,43,132,59,95,132,96,48,42,31,57
34,4.690357,47667,7122,7216,4627,118,36,859,267,31,34,42,53,72,47,82,49,43,50,58,95,163,111,79,167,143,57,45,107,259,201,139,103,12,143,83,40,103,95,115,151,48,30,50,51,148,99,85,76,142,36,29,79,186,176,123,103,97,41,53,80,177,161,89,112,35,59,9,19,75,69,12,44,98,55,20,33,93,91,73,27,163,43,65,12,34,81,139,85,125,62,87,95,182,129,37,88,214,131,38,26,96,58,76,47,55,55,51,19,36,9,42,49,141,45,19,10,43,24,100,151,112,39,17,49,197,194,144,155,98,58,6,21,107,47,124,118,46,43,35,28,41,41,60,22,112,83,63,57,49,48,78,53,95,68,49,39,160,123,154,217,120,51,14,37,69,30,88,68,111,63,51,40,185,193,191,157,161,99,68,23,20,41,109,163,2,53,19,30,78,80,99,85,141,46,48,75,257,105,190,108,23,26,14,69,148,124,156,135,191,89,68,23,124,150,82,46,102,66,59,28,67,58,74,166,28,69,52,45,101,65,143,251,156,31,22,36,129,177,75,80,39,57,6,27,32,26,45,114,228,72,27,77,192,147,91,73,67,99,73,38,124,106,134,161,46,23,29,74,132,54,56,106,132,39,53,58,45,20,126,105,58,37,50,55,106,72,81,138,54,16,10,35,45,15,48,27,184,36,14,17,51,128,138,126,98,36,71,108,212,207,122,117,67,96,85,82,186,91,193,164,157,42,5,98,155,39,171,127,190,51,27,97,238,292,200,185,78,36,20,63,100,69,23,16,79,32,55,20,78,55,25,39,123,77,61,53,61,83,146,169,173,69,70,20,72,104,139,57,38,80,68,59,3,84,125,49,61,42,24,62,160,203,131,123,149,118,73,15,207,195,204,185,35,38,39,17,68,21,59,96,104,65,25,67,107,48,104,145,105,12,52,46,80,97,141,59,39,14,52,86,133,8,100,112,43,54,13,85,140,123,145,124,22,33,54,39,58,35,130,107,37,44,54,16,5,10,27,90,125,38,15,61,108,115,24,41,122,44,43,60,103,76,118,74,48,79,20,7,10,45,71,97,151,107,49,21,15,28,132,99,60,89,96,70,87,50,68,47,3,77,29,4,19,57,102,12,37,34,29,41,185,177,130,66,70,110,56,41,78,114,146,44,50,97,56,63,136,161,93,83,54,46,19,89,129,125,43,79,54,115,101,117,209,239,178,100,148,152,105,69,38,30,59,70,59,63,25,51,112,94,11,43,23,76,46,70,104,96,59,97,12,42,33,25,35,45,72,27,105,50,66,89,111,48,20,150,59,39,32,12,40,36,29,67,119,32,37,32,100,101,97,92,120,38,44,56,145,134,79,81,140,12,31,21,45,12,58,51,151,55,47,26,70,20,116,162,116,66,58,33,125,139,72,32,102,42,2,64,185,122,79,167,84,54,39,47,52,256,77,74,116,13,24,14,118,158,142,171,82,77,57,54,126,26,95,40,42,61,25,20,49,36,39,87,121,34,19,47,94,59,127,14,126,53,21,23,39,32,56,13,70,30,17,92,182,82,94,107,56,43,51,39,96,115,130,148,14,77,38,22,54,93,67,92,38,26,42,27,76,102,63,116,180,60,45,64,130,168,227,65,25,78,32,65,84,140,69,45,198,38,50,54,207,282,170,82,93,137,87,79,30,9,20,87,130,66,101,56,65,16,109,1052,4646,7235,7133,7260,4780,2738,5700,4033,1136,896,389,289,180,219,602,461,26,187,273,521,697,371,270,307,599,344,133,104,270,324,394,833,888,398,179,209,507,419,348,366,391,168,70,214,511,440,228,229,387,94,7,75,282,403,330,206,215,149,112,125,233,276,306,368,297,62,22,110,342,268,161,135,137,37,256,51,212,201,184,238,348,95,83,51,115,121,73,81,163,68,26,59,86,39,71,108,199,120,101,62,76,96,90,85,61,33,25,56,124,98,156,57,92,46,38,35,55,92,72,87,103,45,23,14,40,21,74,42,157,59,31,56,130,177,131,130,109,268,73,52,116,184,122,31,20,56,21,19,42,96,147,169,70,70,66,82,206,149,184,117,149,83,49,85,100,59,13,19,64,143,63,34,101,97,80,63,106,16,48,78,182,160,93,32,161,55,80,48,81,129,163,133,153,7,26,79,100,115,64,81,6,87,106,54,126,107,27,42,167,75,32,23,117,137,188,135,38,66,84,64,117,108,96,191,192,120,63,6,112,105,3,67,108,84,53,67,150,133,148,108,70,20,15,20,34,62,115,76,62,17,12,24,54,40,40,48,27,63,42,26,86,107,100,43,114,79,76,86,87,58,104
35,4.652834,47899,7538,7618,6435,118,48,1225,37,135,121,107,112,20,111,73,82,104,31,54,64,70,59,53,99,203,134,118,152,119,73,57,123,246,226,176,134,79,159,85,73,47,117,132,150,45,46,22,87,230,180,129,34,46,68,66,100,217,178,64,32,90,71,60,99,225,203,106,92,74,60,27,37,49,48,63,41,95,71,39,59,102,42,94,72,79,50,56,59,48,92,110,125,88,81,49,76,175,120,27,93,227,60,24,26,79,31,30,66,75,48,49,81,78,24,50,69,117,14,14,22,31,39,98,152,56,57,46,64,288,259,144,111,117,268,32,7,61,120,145,188,22,12,14,47,142,112,65,28,83,77,64,73,141,102,102,50,64,40,6,114,223,194,212,165,68,91,55,5,19,47,104,90,100,58,47,11,152,174,163,110,63,49,31,47,112,30,109,105,45,30,36,43,115,101,90,115,26,42,39,142,147,173,148,151,39,14,13,101,253,218,126,130,165,109,82,33,152,121,89,40,58,55,38,33,22,70,118,136,70,74,12,88,194,156,149,215,104,66,22,92,240,202,100,89,89,10,40,103,76,28,23,83,80,6,16,133,209,149,34,18,27,90,86,78,63,48,110,56,85,20,22,53,143,137,110,121,132,63,47,48,75,93,109,119,127,36,39,59,151,88,112,150,10,61,46,40,70,62,55,110,120,49,17,30,88,76,131,127,64,83,103,112,187,167,78,37,94,121,73,122,189,173,151,143,47,60,60,158,183,98,141,72,100,59,42,70,262,284,202,131,103,36,10,33,56,51,11,58,62,72,53,3,49,49,59,53,115,54,65,11,77,53,118,152,122,65,27,71,70,60,75,46,72,90,61,78,161,174,128,4,62,84,23,57,175,263,93,174,134,72,70,61,288,239,191,154,42,52,42,47,58,15,61,94,115,65,16,71,136,62,96,104,33,27,37,66,82,127,79,66,80,40,47,93,114,42,84,41,7,43,37,105,90,58,72,74,71,33,53,25,38,54,86,126,9,13,26,49,8,34,52,90,65,48,33,17,69,72,21,55,64,27,31,82,90,128,85,58,72,52,17,23,36,11,24,114,145,69,51,81,62,57,112,77,51,68,80,58,79,73,85,62,91,53,77,30,92,24,84,47,22,59,39,33,229,185,87,36,42,120,110,273,123,143,61,35,56,109,7,92,198,182,130,67,67,33,27,122,136,47,17,74,112,121,118,70,282,232,128,118,88,186,133,39,85,96,67,62,18,96,20,74,102,54,46,80,29,65,31,89,29,124,80,121,93,29,52,38,96,96,73,29,74,51,60,93,78,62,132,110,48,56,34,74,77,60,43,32,81,37,38,49,116,118,85,19,127,41,62,38,98,75,51,102,83,18,10,31,60,24,50,7,158,13,27,11,35,33,88,132,113,62,48,66,203,198,122,34,111,29,32,88,142,65,65,205,81,260,42,95,106,57,59,91,98,12,38,27,130,204,158,155,96,24,8,95,183,105,81,129,79,57,48,42,48,56,72,102,63,18,14,32,149,113,106,103,95,92,52,55,57,43,62,32,37,21,19,188,188,79,131,71,68,83,56,61,104,115,112,75,9,64,17,48,104,76,106,138,136,36,17,54,104,67,37,116,52,66,41,120,175,229,122,80,61,68,15,38,77,116,70,98,117,28,23,113,311,293,141,66,115,150,137,61,40,57,76,76,87,66,76,61,47,65,223,1854,6432,7614,7535,6591,3531,4065,5367,2889,984,1055,327,239,314,305,569,296,194,196,319,581,598,450,270,346,475,329,99,165,404,393,447,994,620,375,188,306,689,512,394,389,359,203,84,308,716,527,284,369,319,94,42,138,452,485,298,284,236,170,113,185,399,422,421,358,229,35,32,175,448,332,39,195,149,62,59,113,306,279,243,299,320,90,69,99,245,198,103,134,232,108,61,85,110,109,93,141,257,127,86,65,94,146,139,90,87,54,51,97,176,169,169,84,62,44,56,110,205,115,128,105,92,55,48,32,43,37,38,106,143,88,74,87,201,37,146,193,83,104,88,104,174,190,131,76,39,30,38,65,118,118,159,164,76,82,55,106,248,224,199,134,140,64,65,40,25,19,64,97,14,139,17,23,68,38,62,52,91,34,65,112,206,143,55,126,115,114,72,45,132,162,152,110,98,37,56,60,265,94,73,43,51,119,30,72,154,122,53,84,166,71,44,72,135,187,179,101,116,58,98,76,133,111,136,197,93,112,41,28,27,64,71,99,73,71,32,54,206,158,91,95,69,8,24,57,58,43,36,47,29,53,12,48,79,73,63,6,125,91,39,41,112,115,94,115,86,52,69
36,4.690357,47761,6924,7333,6866,118,40,947,51,70,87,74,61,7,37,70,52,51,49,99,77,51,75,184,146,126,119,80,75,85,150,242,291,164,77,83,122,44,38,46,80,121,93,54,44,39,77,156,83,108,46,7,18,43,103,196,182,89,10,103,79,66,114,173,130,99,107,75,55,31,48,264,44,87,32,43,49,20,14,37,73,77,41,56,29,18,59,57,121,145,143,43,88,77,96,152,105,12,61,213,91,28,17,49,35,63,49,42,52,43,73,70,19,43,31,113,17,8,44,58,51,96,224,42,55,54,93,235,188,134,158,81,17,13,257,80,121,186,158,37,18,16,11,101,103,105,69,111,77,69,56,110,63,100,23,53,111,50,126,137,137,197,186,75,84,21,9,19,95,101,88,90,23,16,45,129,148,140,119,119,64,27,44,79,85,132,131,7,55,14,41,119,133,112,105,113,39,266,97,116,178,139,111,49,20,23,74,206,196,110,145,142,85,61,51,178,145,95,45,47,69,43,35,31,72,89,60,91,75,31,69,103,111,178,194,23,39,24,51,195,168,144,115,79,54,42,86,69,58,4,61,126,13,34,122,233,186,65,33,45,14,37,109,110,72,76,25,11,5,23,90,119,119,101,137,73,37,43,31,120,120,105,147,117,55,32,52,102,111,94,207,49,34,20,55,80,42,37,110,57,10,12,21,53,69,170,148,99,66,60,119,215,190,84,43,117,151,64,133,111,138,178,83,259,34,62,160,98,112,141,38,50,30,50,101,256,246,197,218,39,54,40,14,49,39,30,79,39,66,38,13,61,86,25,84,88,91,66,28,15,80,125,163,82,57,22,38,99,126,85,36,39,83,57,77,130,135,126,6,8,69,42,66,164,162,57,286,84,98,28,55,169,178,192,136,34,58,49,76,88,26,18,10,118,75,16,55,45,76,101,151,36,6,30,63,118,118,100,18,49,39,51,93,95,62,62,52,25,28,63,86,157,127,120,73,55,26,37,44,35,69,97,72,16,37,9,18,18,44,34,124,83,16,9,26,74,92,56,72,43,26,38,42,92,121,133,14,68,78,8,58,56,19,12,184,151,93,73,37,93,42,133,54,5,28,51,82,41,63,95,87,81,36,28,49,38,59,89,56,19,78,33,62,164,146,123,74,33,115,76,45,86,276,115,73,37,89,51,111,173,140,83,50,3,30,33,100,117,29,30,76,125,117,91,108,238,218,135,108,133,176,81,53,115,127,105,106,68,93,27,63,145,63,52,66,64,74,23,69,59,62,52,149,94,25,38,55,96,92,74,56,40,71,55,58,73,114,197,225,41,54,13,73,105,26,33,66,86,49,19,85,156,106,57,48,141,31,37,97,139,115,77,3,70,19,11,28,11,48,76,42,113,39,38,40,34,61,111,130,66,50,14,70,148,126,97,16,70,47,30,112,178,80,103,202,86,57,20,67,83,57,94,36,83,26,9,58,119,129,150,184,101,80,23,110,162,78,74,73,49,73,10,34,39,71,78,131,47,28,12,57,138,168,123,74,60,70,31,58,114,94,53,40,51,35,16,93,138,79,132,93,68,65,29,58,113,86,100,95,51,64,12,49,62,70,86,127,47,43,9,35,89,48,18,122,40,59,26,91,210,278,152,79,51,74,15,48,89,142,65,47,81,48,43,110,304,295,179,81,144,118,72,101,55,76,75,86,159,113,99,70,100,144,289,2555,6876,7342,6933,6559,2081,4487,5173,2241,934,752,147,147,193,550,658,346,111,232,271,591,620,421,294,297,376,234,122,175,360,353,507,959,490,362,136,299,527,445,343,331,318,196,70,279,546,474,290,342,258,72,28,147,407,453,272,270,146,138,104,165,321,359,367,312,148,16,61,209,411,268,172,188,31,85,67,132,284,229,208,228,215,93,60,79,255,199,132,98,163,90,30,71,88,117,99,140,246,134,62,29,78,123,133,97,151,69,38,106,136,96,137,40,69,7,19,98,142,115,95,94,108,40,21,33,22,40,42,80,106,78,17,65,183,147,150,184,128,103,56,55,163,178,136,26,50,57,36,33,82,130,199,166,66,65,46,104,188,228,182,124,117,81,56,64,80,87,71,93,49,85,43,31,72,58,58,29,100,12,47,107,171,146,82,95,126,110,75,66,144,219,127,66,50,70,82,94,123,107,276,67,43,73,48,53,105,125,56,108,148,72,44,41,96,180,146,87,83,58,71,97,141,91,98,242,90,65,10,86,84,28,80,62,55,73,6,80,150,169,137,36,33,17,26,52,34,97,99,49,38,28,51,53,122,98,56,68,99,66,30,54,93,279,107,84,85,38,35,59,119
37,4.652834,47826,7283,6929,6331,118,40,946,84,37,71,63,68,38,16,20,41,61,63,21,45,58,23,75,107,122,81,128,113,83,76,104,259,263,164,103,83,158,75,40,9,123,141,100,53,3,22,43,175,99,132,26,31,44,50,83,191,160,63,38,89,52,69,130,185,139,84,105,50,88,24,265,76,68,104,43,51,91,64,28,63,42,98,77,110,33,21,35,4,120,141,117,71,117,82,100,153,105,13,47,197,78,35,19,95,103,57,28,20,34,2,56,50,17,41,22,85,28,16,13,39,36,101,187,20,42,19,70,266,214,155,160,99,32,12,26,92,104,138,131,18,33,12,44,103,98,77,21,161,91,64,44,96,36,93,20,70,98,39,132,178,111,150,187,100,106,54,66,52,91,111,106,85,60,37,20,156,168,120,108,72,99,34,46,66,91,145,83,34,47,29,24,102,108,67,69,117,3,53,93,153,220,161,122,49,17,3,112,214,207,147,153,167,141,59,59,188,172,57,62,25,84,46,26,30,76,106,68,75,94,46,63,136,85,169,207,50,28,17,48,225,161,110,129,82,32,19,54,46,25,32,52,66,17,53,131,207,155,48,32,22,19,27,97,126,100,85,38,39,4,2,76,133,128,85,130,89,45,50,32,73,136,122,139,113,69,33,64,144,105,126,174,15,28,20,15,40,37,59,86,60,7,22,31,102,96,177,109,108,68,70,112,209,195,106,62,86,170,59,117,169,106,153,282,45,49,61,123,134,130,168,56,87,50,31,91,239,281,190,189,38,64,47,62,33,63,31,82,23,74,49,19,22,82,45,63,104,89,71,19,50,106,175,149,82,68,27,6,89,112,89,11,45,59,51,64,118,106,90,13,27,73,56,103,157,143,270,164,103,72,42,68,222,174,185,134,5,57,56,49,77,36,20,19,118,75,28,60,68,49,133,147,60,36,16,62,97,88,108,25,97,53,23,92,130,30,64,45,29,25,53,62,98,91,122,65,39,20,17,15,19,50,72,61,30,43,24,24,15,13,77,98,75,11,18,22,79,83,38,75,51,39,31,44,87,103,83,68,112,99,17,29,38,33,67,156,139,108,35,48,107,37,97,50,19,22,27,85,92,45,91,103,57,18,3,57,53,62,62,56,79,90,32,79,171,107,86,44,50,139,105,33,260,68,89,101,32,132,39,66,194,188,114,83,46,50,57,107,83,60,53,55,140,128,101,120,215,178,137,115,132,184,115,53,100,129,60,86,90,124,26,59,123,73,64,78,29,83,7,22,45,63,55,95,123,45,47,41,93,118,97,38,50,41,48,273,132,89,219,240,54,35,48,33,94,55,32,59,74,79,38,90,192,168,86,42,136,63,50,76,116,119,68,59,71,38,24,20,27,27,76,58,108,18,33,12,19,49,86,147,110,94,54,72,150,122,126,18,102,43,41,129,164,78,102,182,83,82,261,61,68,34,69,64,92,3,28,12,128,130,120,147,78,85,31,75,129,59,38,89,91,38,13,23,37,61,99,104,56,6,15,48,146,164,125,47,66,61,40,44,119,98,72,21,63,43,39,124,134,86,117,69,75,69,43,54,110,83,109,123,84,21,72,46,64,52,91,116,83,72,37,24,102,56,65,109,90,53,14,103,216,253,170,64,42,74,2,40,80,122,44,83,120,55,24,91,311,278,175,106,163,156,99,59,53,71,84,83,99,65,83,71,45,48,310,2379,6333,6932,7294,6671,2691,4063,4625,2240,1052,864,243,202,247,507,558,303,72,175,214,541,679,436,257,322,386,273,91,157,351,344,515,1009,603,416,151,303,566,483,328,297,283,212,85,369,597,495,282,317,241,63,28,149,437,475,350,283,209,199,189,174,343,346,378,358,162,11,20,197,430,266,126,124,140,95,53,164,315,224,174,227,277,96,75,100,250,173,116,66,178,105,35,59,76,100,107,114,247,119,90,72,135,121,145,93,142,66,55,83,126,116,153,74,62,15,20,72,134,98,72,100,125,76,28,21,18,87,82,88,133,81,51,71,187,196,75,157,99,125,74,62,149,218,96,23,81,56,46,59,97,114,183,109,72,83,65,130,209,242,193,145,175,66,60,39,81,97,75,42,14,119,64,9,75,82,24,27,100,29,50,108,168,119,82,87,128,104,94,62,169,218,122,70,48,27,22,60,94,274,85,90,21,86,49,56,131,88,71,89,142,88,48,38,124,229,189,89,66,61,68,90,89,70,90,230,69,50,28,55,49,80,57,104,80,62,16,47,134,130,118,34,50,19,45,66,75,79,70,49,47,55,19,9,112,115,60,32,97,74,36,27,266,67,96,72,109,36,20,75
38,4.671596,47625,7556,7350,7136,118,40,987,6,53,10,24,59,63,76,84,44,43,57,84,102,136,189,147,162,55,69,85,194,242,223,119,47,112,138,68,51,97,83,100,29,57,54,19,108,149,102,84,119,11,30,46,134,204,139,52,41,97,43,64,81,163,158,99,75,57,30,12,66,30,64,260,119,68,98,23,47,20,101,70,181,46,27,32,21,56,127,123,147,103,98,52,111,124,117,17,79,136,100,68,27,31,77,76,43,28,54,38,24,30,20,52,56,53,17,3,44,79,92,142,186,26,39,19,65,166,166,136,24,43,19,71,54,47,276,86,42,11,17,47,72,62,81,38,87,134,108,52,96,105,102,55,152,57,95,65,66,70,175,176,257,110,47,25,28,64,111,47,25,33,33,22,59,179,148,120,149,86,73,13,33,49,128,119,69,44,50,34,87,143,164,74,127,25,44,70,134,39,236,126,156,95,45,17,106,182,179,130,174,103,107,40,80,141,100,100,35,38,75,60,23,33,76,94,22,123,117,27,104,145,138,162,170,67,72,23,61,151,116,107,16,49,28,37,27,61,50,9,123,67,29,53,89,174,110,54,94,57,24,72,278,83,122,126,31,30,21,47,86,131,91,111,185,43,36,36,27,47,137,110,78,67,60,52,100,74,104,76,130,36,41,3,28,51,54,32,179,65,74,45,65,86,110,136,96,39,98,66,125,152,162,88,44,48,140,54,100,26,161,125,139,33,20,71,73,56,162,88,122,34,37,55,118,248,256,228,217,27,41,24,25,60,38,10,77,26,53,24,33,87,71,39,70,81,90,72,17,26,93,120,110,28,39,23,5,64,120,49,33,59,64,36,46,108,145,59,37,57,108,51,104,147,111,91,161,80,262,55,58,174,182,137,61,28,64,25,7,49,29,48,99,91,85,25,45,63,61,94,132,26,66,35,71,93,147,38,115,52,9,63,101,63,93,44,101,27,41,44,53,56,122,132,65,35,46,58,42,31,80,56,100,29,47,7,33,29,37,22,146,273,29,42,13,45,7,38,119,41,24,74,70,25,158,99,33,87,76,28,37,46,12,55,187,118,126,66,10,22,86,120,75,56,56,65,80,72,56,53,49,99,45,2,55,77,143,89,122,75,71,35,58,111,114,15,242,112,124,72,78,96,72,64,2,62,101,39,95,202,167,100,28,40,66,58,133,124,42,11,112,158,148,113,163,218,138,96,136,109,137,54,60,88,78,73,50,54,99,19,76,129,40,57,91,74,31,10,83,71,54,100,220,37,38,26,11,66,95,25,68,46,59,85,84,37,103,281,229,37,66,5,31,32,98,6,91,72,61,45,40,60,127,58,22,78,60,57,68,87,82,76,41,55,44,9,16,43,63,82,84,47,13,36,29,37,80,60,72,31,32,40,62,129,109,76,41,62,65,36,97,147,116,122,133,60,47,12,46,23,55,43,23,31,44,29,44,99,136,78,11,76,82,32,61,38,97,44,85,80,27,29,23,19,71,99,155,33,25,22,122,154,197,50,122,75,63,26,42,85,97,16,37,50,7,41,79,78,68,86,129,26,45,38,61,119,109,99,47,89,59,35,32,262,19,77,50,65,71,46,53,69,52,54,202,49,43,37,76,202,265,104,57,55,95,31,55,124,111,46,243,42,15,53,166,277,264,154,42,169,131,83,57,31,58,106,157,91,105,52,45,15,79,469,3315,7134,7348,7554,6226,2901,5400,5410,1696,1160,678,139,292,266,797,443,267,86,304,444,644,642,372,242,472,420,216,129,193,384,451,609,1115,480,348,187,341,499,518,397,439,261,142,118,392,544,431,322,454,149,8,61,209,381,482,319,300,179,237,180,101,250,433,413,360,64,27,75,186,238,239,125,198,134,44,20,64,183,276,225,395,143,123,55,70,143,202,74,112,103,85,78,123,120,123,81,103,154,146,73,76,83,156,101,92,125,77,35,81,95,118,136,68,54,37,71,77,76,140,85,94,109,75,61,42,31,86,29,189,109,91,66,43,155,163,163,162,115,23,101,119,164,156,91,36,106,94,41,37,66,120,181,177,62,115,92,132,175,181,155,183,102,38,55,56,103,148,52,70,140,140,75,29,34,45,6,16,40,39,62,131,182,85,30,127,68,94,15,57,152,233,102,107,7,36,42,51,92,64,50,75,261,56,93,58,71,60,34,87,92,40,23,92,144,225,151,85,29,64,76,66,113,96,113,217,61,36,8,28,89,60,62,104,30,62,61,94,187,170,98,137,28,42,69,37,28,149,91,48,25,48,28,46,95,119,7,89,70,54,35,49,103,109,106,256,107,60,82,108,128,70,95
39,4.709118,47695,7357,7580,7392,118,40,1023,59,53,26,18,10,20,43,62,104,114,62,31,61,101,129,114,95,175,59,67,67,183,269,148,96,92,116,127,70,59,74,56,62,67,28,44,34,109,179,106,10,198,13,37,54,88,142,217,42,85,63,77,67,108,249,261,141,86,122,34,25,32,93,44,61,156,31,28,3,20,65,62,38,91,34,48,26,39,36,136,113,159,74,79,57,28,182,164,48,89,149,62,82,6,132,208,87,28,63,106,94,26,7,36,72,94,79,47,2,27,64,16,76,208,25,82,13,123,274,105,47,89,74,8,26,26,36,102,87,64,21,20,42,66,56,46,35,113,133,124,89,58,61,144,31,182,52,108,44,58,112,159,124,150,85,33,17,37,34,66,25,27,68,63,55,42,180,177,109,71,81,121,26,14,55,98,45,81,66,61,67,67,158,129,64,69,16,81,105,282,123,236,74,153,88,17,49,115,217,81,37,125,76,85,49,80,149,62,20,9,23,87,72,28,41,70,91,25,98,48,32,67,106,103,60,128,29,71,72,89,155,82,73,41,29,25,42,29,123,141,69,108,118,42,28,109,200,110,18,38,74,40,271,64,132,236,125,46,33,73,89,94,119,153,44,99,13,17,10,11,73,110,56,91,55,52,55,67,70,182,81,141,51,41,34,14,47,92,29,128,106,29,27,4,36,63,93,146,14,86,82,160,184,239,127,76,76,144,9,52,95,145,155,103,46,46,54,106,105,196,132,122,56,50,17,82,217,246,166,177,98,43,25,48,68,55,24,23,28,51,31,34,54,26,37,95,52,43,49,41,23,30,90,49,55,97,44,34,132,189,55,31,23,62,57,14,78,63,12,101,34,110,24,90,164,85,49,130,76,115,87,53,144,98,92,149,58,19,63,104,62,63,93,57,33,69,21,64,117,51,106,190,32,4,56,22,144,139,31,90,63,42,45,104,154,238,98,82,30,24,44,90,83,123,144,120,49,63,53,66,113,100,66,147,48,46,22,27,42,96,32,87,21,29,30,51,45,26,88,111,52,53,78,122,78,162,86,99,136,73,19,38,58,78,72,136,123,66,41,13,38,47,60,67,45,83,120,56,39,77,61,125,83,55,67,39,40,93,67,116,68,77,41,46,160,81,80,191,104,119,76,15,95,167,22,18,74,99,65,148,161,96,60,43,84,39,30,116,85,68,16,9,117,88,88,128,229,63,55,108,133,150,50,27,53,70,53,69,82,93,36,99,65,61,31,49,77,60,33,66,77,63,99,174,88,54,55,32,27,66,63,59,27,110,95,107,75,111,99,176,37,51,33,69,87,243,75,154,87,50,59,25,96,157,83,43,59,34,31,69,81,152,66,48,29,17,34,38,14,95,87,56,109,4,37,16,22,92,25,79,65,109,52,8,139,133,36,156,74,20,36,119,147,59,67,146,80,53,38,33,1,115,13,70,29,46,65,43,142,164,88,78,52,76,32,47,72,107,23,152,75,24,17,55,19,92,69,157,31,42,50,58,150,101,9,121,18,20,24,8,76,54,2,7,52,24,40,97,80,84,112,89,62,58,17,28,54,38,48,53,93,64,35,264,78,89,80,149,68,71,37,26,71,59,24,99,26,22,61,103,208,169,26,62,74,71,56,59,104,23,62,185,38,80,69,121,271,167,70,38,175,106,75,61,36,80,40,124,70,58,44,39,46,85,352,2785,7397,7585,7362,6526,1883,3986,5146,1448,1127,840,287,156,229,491,372,254,138,309,464,672,473,299,173,360,415,280,129,211,419,318,514,1009,610,371,194,306,559,407,308,387,207,149,152,337,593,256,145,411,184,73,74,196,457,397,206,227,161,202,159,110,267,387,370,418,42,38,30,147,358,229,94,148,74,1,36,73,274,292,168,369,161,94,20,62,193,204,72,71,151,89,100,173,168,175,95,143,198,145,97,87,151,214,153,97,87,75,87,74,98,188,111,34,42,67,81,67,161,178,128,155,68,61,56,26,35,98,23,149,99,79,21,60,195,187,90,106,259,116,69,87,147,114,66,55,86,72,40,38,104,155,110,188,63,90,92,121,208,175,116,117,88,35,39,55,96,83,39,133,146,115,83,61,17,207,68,44,37,39,62,124,168,135,78,74,88,96,60,16,131,126,53,195,15,52,64,96,103,81,19,264,44,119,53,28,54,59,39,113,68,8,30,49,134,294,97,8,55,56,93,99,109,86,57,172,110,62,17,42,109,16,80,95,106,118,74,79,108,100,37,125,30,15,17,56,31,154,58,53,37,71,69,82,86,40,27,90,59,40,14,59,121,81,269,144,136,68,81,75,60,119
40,4.652834,47818,7161,7360,7435,118,44,1078,109,124,98,57,39,35,32,58,28,51,97,100,21,10,21,92,129,107,95,155,78,46,83,205,266,104,127,56,137,113,30,2,115,29,48,30,44,41,43,114,141,76,38,251,37,27,20,97,120,153,80,114,45,44,27,126,197,149,113,37,145,58,70,18,54,182,75,197,83,69,28,34,69,80,27,178,33,88,54,22,54,102,86,141,49,62,42,87,130,137,86,128,170,110,70,15,91,121,109,64,67,83,43,44,33,18,36,91,72,46,34,17,57,23,77,274,53,22,35,108,142,114,118,23,50,30,267,32,101,95,130,53,45,45,16,61,27,52,37,151,141,103,95,62,55,137,38,172,77,91,37,41,137,191,151,172,89,53,12,37,54,65,17,90,84,80,40,44,200,157,111,92,69,69,60,15,20,120,72,55,87,79,48,79,177,180,74,111,27,65,81,116,96,212,92,196,71,38,44,146,170,103,81,163,106,110,54,100,161,16,77,68,47,75,49,32,90,77,98,62,111,76,49,75,69,109,40,121,81,46,59,92,116,56,110,67,31,26,11,30,79,97,29,132,118,19,25,72,114,113,60,50,36,33,34,120,120,180,135,126,38,65,83,87,65,137,78,184,12,36,8,19,57,123,107,52,70,43,13,114,70,124,126,135,53,65,19,40,72,94,76,140,47,2,13,57,80,32,68,94,70,60,24,164,198,179,115,105,102,117,12,51,47,89,135,112,56,70,48,116,85,164,132,112,68,56,49,155,229,138,152,154,83,47,28,28,89,72,61,21,5,83,22,22,50,25,10,102,52,23,35,40,15,48,70,131,77,42,34,47,79,159,120,69,60,72,42,9,110,107,10,149,88,121,22,93,150,84,41,104,117,68,29,94,176,101,36,164,60,26,44,59,59,93,108,53,75,82,20,32,71,57,154,256,37,15,10,64,128,137,28,71,33,21,39,118,107,182,116,120,34,28,68,69,72,93,108,40,76,58,17,64,64,122,96,112,23,31,34,38,63,29,4,67,52,75,26,10,41,68,92,156,43,26,58,78,68,154,114,92,102,56,37,31,86,117,57,155,160,106,67,59,28,93,61,129,51,58,47,101,61,83,100,141,110,75,30,32,68,136,97,111,91,77,35,19,112,156,103,206,119,117,91,8,13,88,66,75,39,72,95,158,188,93,68,54,78,44,37,54,77,39,59,63,112,85,77,131,188,64,53,162,115,134,47,17,55,41,110,30,98,68,26,130,126,22,37,22,71,48,46,109,136,60,103,234,68,20,9,47,24,86,38,78,52,39,54,108,54,65,95,163,38,45,51,26,46,164,98,141,91,101,18,106,137,165,119,47,43,61,33,69,108,123,82,59,42,41,34,45,8,74,88,51,45,6,4,4,21,39,22,77,103,92,44,51,154,140,49,160,35,7,59,147,112,52,51,95,85,22,258,43,56,122,44,61,65,83,37,65,155,129,62,48,49,41,55,37,50,88,56,125,75,10,7,16,26,65,105,206,33,43,19,95,190,186,14,167,61,20,21,27,56,76,8,53,63,11,44,70,53,75,67,59,46,42,17,37,66,59,53,36,96,265,67,10,36,108,81,82,115,95,51,43,84,57,72,175,36,58,54,154,198,194,65,50,73,48,41,57,140,85,46,251,69,42,85,174,232,122,84,25,153,124,73,33,26,89,72,152,68,70,79,56,59,69,445,3228,7434,7359,7154,6545,1458,5441,4444,1313,919,605,66,168,198,554,538,304,160,233,330,672,469,252,137,521,359,205,143,249,364,248,501,1072,506,358,177,401,504,388,318,411,252,157,148,413,478,268,259,448,184,66,112,239,331,350,224,222,119,180,131,112,243,279,341,394,109,43,12,117,288,212,115,289,105,21,33,137,219,172,164,396,181,73,35,61,144,185,74,55,141,75,80,103,117,137,161,179,187,119,86,67,120,191,106,126,125,86,69,74,80,157,110,51,57,46,65,70,85,129,114,130,52,57,28,7,30,65,78,226,100,55,22,102,205,115,272,132,99,112,50,93,172,51,104,60,78,88,25,57,67,159,179,179,62,73,45,127,107,174,114,143,113,25,17,27,63,96,51,90,149,133,65,43,14,140,58,43,32,36,50,118,121,87,52,133,68,66,40,43,100,128,150,241,19,24,30,79,53,4,27,44,78,68,27,28,51,57,11,59,63,10,26,57,176,226,151,26,57,35,65,97,63,81,72,224,87,66,46,37,98,28,57,87,116,71,18,81,112,115,48,79,39,19,2,24,66,217,63,76,73,92,61,81,33,90,30,95,73,12,50,33,55,19,84,144,78,44,74,121
41,4.671596,47710,7420,7049,5520,118,32,793,103,103,45,9,17,32,56,64,76,56,47,62,35,71,109,112,135,173,102,55,53,160,210,140,39,79,58,149,94,52,85,61,76,46,71,69,49,105,190,108,86,44,42,29,45,66,145,174,129,57,78,23,47,57,142,154,121,30,73,54,29,23,23,11,97,47,53,71,44,29,101,14,34,35,77,28,27,76,56,53,55,69,65,53,59,62,179,120,60,99,165,103,62,62,27,61,53,24,31,58,40,36,42,30,59,52,111,40,20,46,58,42,99,178,39,22,39,74,229,188,124,64,31,8,36,45,1,39,69,76,22,36,55,87,73,29,23,39,143,101,90,71,67,25,62,23,82,84,58,26,98,112,179,149,61,27,16,21,76,38,64,51,114,88,94,31,105,178,168,151,130,85,63,42,24,86,148,104,53,48,60,107,85,80,53,63,129,71,105,132,151,109,133,130,43,49,71,87,186,99,51,108,138,44,21,52,122,116,28,17,41,102,77,47,33,37,78,63,135,82,65,69,105,92,192,242,66,97,56,102,181,101,70,80,43,37,5,5,61,85,40,102,88,48,6,78,178,175,34,15,27,25,260,109,78,84,159,79,46,56,66,126,134,49,43,121,75,77,38,15,31,27,35,57,58,54,34,84,101,30,50,82,39,29,15,49,93,28,43,72,130,49,17,46,84,65,120,99,57,85,36,60,165,163,105,24,71,126,46,78,119,141,187,132,74,14,27,92,88,119,191,101,120,35,27,54,205,248,169,131,97,57,41,20,42,69,83,40,31,37,41,52,74,73,22,25,47,47,14,22,43,10,78,99,106,48,55,38,70,128,120,53,28,61,40,15,55,95,111,71,24,73,17,44,198,216,104,162,89,112,69,59,180,162,164,173,49,54,36,35,76,63,111,111,110,74,8,74,110,36,118,119,80,9,8,51,94,108,88,9,4,22,59,127,119,27,92,67,16,56,30,21,67,107,84,95,33,28,25,49,49,90,104,99,34,55,63,54,61,29,26,39,76,18,40,74,99,86,42,35,68,52,60,70,104,88,123,66,76,72,22,22,43,69,77,79,143,105,49,69,22,81,112,70,56,67,84,121,79,16,37,60,83,58,54,35,55,48,89,93,31,63,47,54,169,137,116,36,52,117,69,58,111,52,29,27,28,87,51,110,125,117,87,41,41,31,30,68,76,73,70,80,58,85,40,111,235,170,83,60,54,126,68,2,56,83,38,42,23,70,7,88,64,19,40,34,70,95,62,78,83,51,20,82,55,35,49,47,89,65,31,11,30,72,84,98,61,261,109,91,60,55,60,29,20,65,69,49,130,78,40,37,119,127,110,42,101,43,37,33,112,114,102,41,73,26,21,26,42,39,73,52,108,29,26,73,41,18,80,110,117,48,34,50,100,102,60,14,56,6,7,67,108,66,96,144,119,49,45,14,257,42,62,26,74,55,68,41,117,139,120,97,67,79,64,43,49,49,71,25,19,39,19,16,32,11,25,53,55,31,53,57,97,87,55,58,90,20,31,37,25,26,29,39,75,44,8,84,94,70,141,94,49,58,56,32,122,94,92,80,30,43,9,56,66,43,33,9,91,110,63,30,58,37,22,35,61,18,39,127,152,186,117,18,47,90,53,30,29,80,53,88,87,94,86,146,243,222,108,40,55,85,61,25,42,44,34,27,107,84,62,6,11,49,219,1823,5519,7067,7438,6546,2327,3794,4599,2528,1050,928,369,223,223,396,560,343,7,218,330,609,620,368,317,424,584,316,94,128,257,296,509,930,743,434,237,321,533,446,414,343,262,129,98,355,560,388,207,298,278,44,88,175,381,385,261,297,190,144,139,160,242,287,328,314,216,21,28,163,309,237,158,174,151,259,42,141,263,200,203,254,281,86,69,84,195,132,110,123,187,80,79,110,139,76,45,92,180,129,82,63,92,97,76,56,125,40,41,63,101,94,169,87,39,86,59,64,91,101,126,69,84,59,55,76,82,14,58,81,132,86,38,76,172,187,153,110,256,91,74,112,114,147,108,71,88,74,41,34,80,112,153,107,66,102,43,130,187,140,112,99,95,41,41,29,15,27,49,69,25,109,57,41,56,67,112,44,48,30,28,77,155,136,74,33,90,63,34,50,92,143,116,42,47,11,20,70,64,82,74,25,43,81,38,56,77,90,34,48,114,41,51,73,133,95,96,32,45,73,42,53,102,51,70,147,106,53,19,13,73,72,32,76,62,99,61,58,160,130,158,147,88,27,24,11,46,54,61,31,78,32,26,47,96,25,27,17,45,80,39,51,119,9,270,69,77,101,71,80,64,63
42,4.709118,47625,7545,7271,6948,118,36,890,10,78,65,31,49,59,57,86,34,11,14,49,117,120,100,151,175,45,42,87,176,206,203,180,65,121,93,42,27,48,119,89,32,37,44,31,101,140,87,108,88,56,26,43,117,140,95,63,24,47,78,69,187,121,88,79,45,89,15,34,40,59,111,263,116,61,52,31,12,49,90,92,169,23,54,57,50,44,112,135,152,70,98,76,63,86,37,28,90,121,89,20,45,16,63,80,106,63,64,32,56,19,20,19,67,46,17,22,17,26,72,72,156,30,39,23,114,164,129,95,64,104,34,50,37,62,128,195,43,29,27,21,63,56,113,48,128,105,93,30,32,40,79,88,116,50,80,21,107,104,131,150,195,124,43,31,4,25,92,32,75,62,77,60,74,209,180,210,145,57,66,30,20,38,101,79,28,75,54,38,83,144,174,66,143,31,66,75,110,41,174,87,88,16,25,43,135,91,142,152,202,74,87,55,89,123,90,101,60,56,52,20,19,56,75,126,26,112,31,18,61,116,114,170,135,65,25,21,63,171,117,80,21,54,80,45,47,17,21,63,167,66,12,60,132,134,65,40,88,28,81,66,286,115,78,116,35,39,5,38,67,42,73,66,137,25,29,7,17,68,120,109,56,48,48,34,109,54,74,137,79,31,29,6,50,26,37,21,182,30,16,12,61,134,74,146,52,36,80,53,139,160,159,97,18,58,103,53,114,66,159,186,152,48,48,70,200,31,191,133,115,66,40,50,165,204,164,196,129,49,14,44,60,36,36,35,53,56,62,50,28,37,48,77,133,62,67,75,16,51,105,132,130,55,53,48,86,107,105,44,70,74,79,69,53,82,145,85,34,79,81,63,96,136,71,85,76,87,278,22,88,168,147,145,12,47,49,21,20,33,41,36,57,81,57,41,21,70,111,152,146,18,6,8,74,103,143,27,98,34,9,42,97,50,71,39,60,10,29,41,98,83,109,133,13,3,7,23,21,5,115,61,118,21,39,11,13,16,37,38,122,267,29,25,13,77,30,35,91,33,43,64,58,41,106,70,53,77,48,65,18,70,28,36,153,70,84,32,27,20,73,122,83,4,39,21,71,75,39,122,75,64,76,10,69,41,83,28,123,62,59,10,31,124,125,32,155,84,115,72,37,60,86,70,69,68,93,39,97,192,150,137,17,16,65,47,80,82,48,72,84,121,90,104,165,207,149,101,198,170,161,47,23,86,75,83,84,67,62,38,53,131,49,84,13,79,49,28,60,98,60,97,155,35,30,7,34,95,106,12,35,48,44,34,78,16,117,282,200,31,23,24,24,30,21,58,99,68,80,25,112,66,114,81,28,65,47,50,125,109,27,32,100,10,40,56,21,13,54,98,17,41,10,39,30,52,79,88,80,85,76,21,52,118,110,99,90,51,13,63,147,114,60,119,149,50,29,37,99,42,115,76,44,51,48,15,101,95,79,92,23,53,76,19,81,52,71,59,71,85,32,9,29,20,87,71,142,73,46,7,88,72,167,104,153,42,43,21,23,36,75,11,63,46,33,76,138,41,74,136,103,47,51,35,77,85,89,97,66,66,74,75,42,269,70,92,19,93,68,1,59,87,56,71,176,39,60,59,135,146,234,120,43,48,10,25,64,165,76,36,236,42,31,38,127,226,187,113,78,124,115,100,59,7,51,97,105,95,100,103,73,30,56,534,3253,6962,7285,7559,6120,1993,5500,5110,1495,991,529,148,294,114,649,589,134,150,227,401,683,478,421,360,449,356,168,147,251,310,278,576,999,507,299,194,400,427,448,416,451,253,182,172,409,408,334,271,400,137,46,135,258,327,360,243,260,154,191,170,125,233,382,399,350,68,13,53,188,235,166,129,145,129,25,19,171,164,178,206,347,159,95,54,78,113,145,99,116,136,80,79,129,102,112,117,156,195,133,83,42,88,116,131,71,84,32,54,105,132,122,83,52,43,39,31,81,78,120,107,136,76,52,56,7,32,111,72,146,99,66,49,104,156,64,147,204,103,70,79,83,164,167,113,55,52,53,36,54,49,120,162,87,30,40,45,155,125,192,132,167,81,55,39,28,18,41,14,17,106,86,69,41,29,59,46,34,40,36,56,155,151,94,39,214,60,58,40,76,154,178,116,127,36,52,55,95,86,33,46,51,47,92,52,54,85,72,45,121,85,49,9,65,104,207,159,164,78,53,80,88,88,66,114,180,59,91,55,101,64,23,102,158,44,46,5,66,124,97,42,116,10,16,25,42,41,92,47,48,32,52,35,20,25,102,49,71,80,67,27,8,124,63,105,24,80,45,64,64,88,74,95
43,4.709118,48061,7546,7644,4323,118,40,1023,44,35,96,111,117,78,145,55,75,56,53,69,13,105,74,93,47,50,67,140,176,145,187,188,61,53,101,283,278,162,58,31,147,130,38,63,100,91,111,94,63,50,34,171,153,123,85,118,31,48,66,144,163,125,69,75,81,74,85,191,201,146,65,52,55,26,10,71,73,80,62,143,67,39,12,44,23,106,109,200,4,34,17,65,31,89,134,139,73,19,57,109,92,71,38,140,119,41,68,5,81,91,15,102,47,37,74,84,6,39,55,83,30,22,45,68,27,36,159,105,35,58,14,127,227,180,258,103,19,28,18,68,120,102,123,44,25,34,54,78,68,81,43,100,72,62,56,64,103,100,70,85,18,38,6,120,98,169,222,197,85,11,29,15,21,119,82,53,53,60,33,91,235,190,160,135,32,75,40,33,57,126,101,30,27,21,50,154,120,96,74,181,51,76,108,118,128,214,178,120,79,15,48,144,161,181,158,204,70,59,43,148,154,51,56,89,67,52,25,24,65,79,136,77,86,5,28,136,118,102,205,152,47,35,42,162,170,97,116,34,35,17,51,87,34,63,87,163,57,51,41,160,272,101,50,84,89,54,87,134,51,96,182,49,18,20,45,119,66,94,92,181,33,46,21,23,53,128,81,85,46,43,70,159,62,99,125,71,59,44,14,30,22,39,29,210,65,27,23,112,129,174,190,55,45,69,85,195,208,130,93,72,94,115,34,288,100,177,168,162,25,31,85,177,42,186,105,145,37,28,34,210,266,194,191,91,64,34,17,54,57,62,27,58,74,68,42,64,41,32,35,107,82,85,47,70,62,120,172,222,49,60,41,22,47,95,71,55,39,57,55,117,157,139,54,84,89,86,256,110,128,115,115,136,109,65,32,179,256,219,172,96,49,44,30,21,29,49,74,147,91,66,24,79,33,113,140,94,20,22,80,79,31,170,12,118,41,49,59,142,55,28,54,61,35,38,21,76,66,134,133,81,58,79,14,62,32,81,111,70,38,10,14,16,47,30,24,128,24,14,37,49,55,21,29,162,49,52,66,25,26,82,26,40,113,48,41,30,45,26,108,162,115,57,38,66,34,108,133,65,88,109,67,137,58,50,52,54,25,24,61,114,83,105,71,69,80,65,35,92,102,105,72,150,46,90,55,35,90,90,60,76,84,85,43,211,190,105,133,17,32,25,88,137,95,43,86,74,101,103,32,183,256,166,92,166,137,103,68,9,66,56,70,42,89,83,26,86,154,8,96,6,57,23,44,70,86,52,125,82,48,5,9,35,72,72,23,258,98,84,72,85,63,149,120,121,42,14,17,79,54,45,24,114,40,28,12,108,82,105,49,48,34,55,7,82,124,103,74,111,34,47,44,33,29,50,65,102,57,22,26,20,37,113,110,108,34,30,14,139,156,115,83,84,93,35,40,134,98,69,257,87,33,19,34,125,21,79,60,76,17,43,55,85,183,139,144,63,54,49,48,168,45,100,51,63,70,15,8,34,6,26,77,136,34,14,54,99,63,151,36,152,32,43,27,74,33,65,9,56,41,11,73,230,43,101,109,63,54,49,20,68,85,256,79,23,43,38,32,42,93,40,87,77,24,18,18,46,93,56,104,177,35,24,87,186,162,207,97,67,113,63,38,58,172,110,65,260,36,34,44,171,202,237,164,89,117,90,84,31,38,63,85,126,116,84,83,81,18,93,851,4330,7651,7553,7347,5556,2201,5612,4143,1411,908,506,162,263,112,544,520,85,179,244,470,774,525,428,335,578,330,170,158,335,504,405,750,988,453,300,220,481,449,373,381,403,204,103,194,555,494,282,236,482,157,38,102,317,408,384,259,244,185,153,161,288,321,339,350,316,66,22,73,224,238,181,173,195,106,20,66,210,230,201,271,406,115,73,67,100,93,132,138,215,128,59,65,110,57,95,122,195,157,126,62,77,68,115,100,97,76,58,69,111,140,159,109,89,68,64,57,112,108,125,109,99,50,66,34,20,66,79,37,196,96,75,45,104,184,120,122,141,90,95,89,190,205,184,85,17,67,57,49,87,127,170,197,78,104,111,127,217,150,194,131,147,97,63,50,30,27,50,50,10,208,130,30,16,61,50,41,61,5,55,73,152,154,60,21,190,64,47,29,110,137,151,68,76,25,264,23,98,143,80,47,44,71,106,56,154,110,72,38,208,110,43,27,105,140,184,188,91,72,78,76,100,88,97,96,184,119,67,43,45,85,22,78,83,70,37,52,140,204,120,102,56,41,57,55,58,71,153,57,28,77,40,26,103,64,91,27,51,58,54,13,61,107,51,111,56
44,4.671596,47686,7297,7312,7362,118,36,889,90,69,33,44,28,21,14,84,74,41,23,33,35,114,168,152,190,141,53,57,73,206,265,172,103,78,91,101,59,8,84,76,114,36,59,52,33,95,124,131,88,96,29,24,27,104,154,131,64,28,69,60,75,123,170,107,68,19,95,31,4,44,21,268,83,65,36,27,1,18,18,24,18,143,28,58,33,42,53,85,128,123,46,58,76,68,127,125,50,85,175,102,85,31,5,66,77,43,41,74,28,13,3,78,45,66,46,27,8,22,17,25,111,174,23,59,37,85,217,159,96,52,46,30,24,6,94,145,127,40,17,31,40,63,87,66,21,98,120,107,87,51,77,108,62,140,50,85,29,53,63,151,235,234,55,7,12,7,44,73,52,48,51,81,72,49,177,211,217,160,88,67,42,57,47,103,164,52,71,50,45,95,132,125,60,87,47,82,95,130,87,175,162,154,54,40,49,123,188,163,137,142,73,57,35,80,115,54,32,18,48,56,37,11,40,63,101,45,87,32,28,104,135,131,178,119,88,59,11,92,107,77,103,6,22,11,44,30,84,109,78,136,92,51,39,101,141,143,72,58,16,58,261,99,34,111,161,57,39,32,81,126,82,57,93,157,34,40,18,45,33,107,98,117,31,43,37,124,39,67,123,107,40,17,19,47,80,44,16,176,41,20,21,64,145,131,163,101,33,71,60,120,200,188,182,54,80,117,26,69,3,154,130,147,33,25,36,90,94,198,138,85,40,20,38,152,241,198,169,205,81,24,30,24,77,45,32,34,34,31,20,60,78,11,46,56,70,43,6,23,42,104,136,119,93,83,20,13,87,166,71,39,34,54,31,23,123,114,76,69,89,104,14,88,173,120,94,184,16,82,24,74,162,177,166,76,42,59,7,47,76,63,91,78,58,64,38,67,44,77,149,154,23,7,42,40,128,160,115,107,13,42,67,154,151,82,97,57,51,40,31,86,108,144,131,46,53,55,42,46,88,102,116,97,22,40,35,48,45,18,20,92,64,21,41,24,57,44,68,122,57,39,63,52,71,128,112,65,73,32,16,56,45,86,98,143,140,113,44,63,38,107,162,70,42,101,85,102,5,52,85,71,103,77,47,82,51,92,88,87,64,51,22,17,142,121,119,199,51,82,31,39,65,110,52,27,26,63,52,152,184,124,93,41,78,40,52,95,82,87,76,56,85,68,43,125,208,162,63,78,88,115,26,17,55,55,64,55,70,85,35,91,89,44,44,41,62,55,84,55,55,39,92,184,62,25,32,32,96,85,50,18,36,98,80,135,101,274,164,234,8,15,48,16,29,63,26,161,82,65,65,48,115,132,115,30,29,16,19,31,114,107,98,54,16,14,15,14,53,89,108,67,53,7,44,40,38,58,37,49,50,59,33,68,160,136,114,58,24,39,33,99,118,48,123,146,75,33,14,36,7,110,58,52,36,28,24,37,130,97,117,43,69,59,34,63,36,75,74,89,67,20,33,30,72,41,90,136,20,40,49,109,124,149,55,92,66,30,27,22,30,65,40,39,58,20,43,79,36,77,130,76,55,51,26,52,140,111,111,57,47,32,20,263,70,19,58,54,69,56,42,23,110,58,61,176,21,29,75,134,165,218,103,82,36,66,17,33,121,107,23,215,58,33,67,149,195,224,123,30,122,103,71,7,12,25,64,123,85,27,72,21,40,73,593,3583,7364,7315,7300,5801,2593,5357,4200,1545,1027,588,277,96,237,621,578,261,165,256,348,683,622,353,261,397,306,179,82,200,371,323,641,977,387,324,160,332,435,394,361,398,231,144,114,382,518,321,285,410,142,36,57,177,360,427,303,273,129,189,148,108,234,318,363,289,86,4,32,123,226,176,171,166,65,17,38,106,182,203,210,362,140,94,50,67,119,143,97,111,130,97,53,104,103,143,100,92,162,92,55,42,46,115,144,84,88,72,37,68,124,171,155,29,78,61,53,44,52,90,91,86,64,70,20,26,17,55,20,158,73,94,33,78,155,103,139,126,275,106,61,144,189,138,88,13,39,68,45,72,83,150,206,165,43,94,12,140,187,182,140,129,85,28,21,16,42,47,65,56,85,88,17,28,65,86,50,31,28,30,64,109,148,116,103,120,73,63,25,79,85,169,77,84,22,6,28,52,114,55,47,35,44,92,39,69,101,112,7,74,98,31,30,61,140,232,157,53,68,49,42,113,132,97,112,182,44,61,9,31,101,49,37,84,55,100,27,79,155,126,99,128,4,7,38,25,63,108,100,18,30,51,26,89,82,65,38,60,100,18,14,38,127,78,274,90,147,83,59,93,135,94
45,4.671596,47629,7130,7310,7321,118,40,951,61,31,37,21,40,49,76,90,20,38,23,35,86,109,132,129,179,69,66,73,148,162,217,201,82,158,115,71,41,111,46,73,33,76,13,13,82,188,127,113,103,41,30,57,102,136,146,102,31,72,54,82,154,162,117,116,66,136,95,49,39,68,62,18,113,46,70,61,60,116,96,132,179,8,57,46,41,101,150,122,147,92,91,72,74,119,98,53,67,172,140,50,22,5,33,43,102,39,56,29,71,82,22,33,32,66,64,23,50,39,82,113,244,40,61,19,64,108,169,99,33,47,49,50,50,122,115,169,6,46,35,26,33,59,80,31,125,153,97,72,74,150,81,67,157,82,70,45,101,148,177,186,241,145,76,33,31,25,83,106,13,41,64,57,20,165,148,136,167,59,82,20,8,78,85,178,61,108,75,42,32,149,145,92,101,37,18,62,93,105,226,206,130,55,36,22,81,131,188,193,176,132,122,90,36,89,108,109,29,81,60,6,39,36,73,114,21,87,82,44,80,164,128,141,155,112,48,8,65,127,126,129,26,30,39,46,71,41,76,44,149,54,3,51,112,83,108,79,70,45,44,59,129,120,102,174,49,41,36,51,44,90,83,84,105,11,44,7,28,74,168,154,125,77,65,22,28,44,121,123,97,46,35,3,27,26,43,6,221,44,31,23,53,111,70,171,75,71,75,35,108,147,138,165,2,100,131,49,71,82,138,180,165,29,55,24,103,70,149,164,131,37,55,38,66,157,170,184,177,72,17,14,48,23,57,25,56,55,67,38,25,124,93,50,57,23,52,42,59,94,117,180,177,49,80,45,23,55,133,76,35,57,74,72,88,79,144,77,100,118,67,58,126,148,105,109,122,119,274,76,51,151,165,175,36,34,46,44,78,81,73,83,58,99,66,27,82,90,116,146,104,10,46,36,70,95,163,86,43,77,35,27,97,43,76,90,65,34,27,29,121,76,117,156,14,50,11,20,44,38,112,68,129,41,49,13,3,18,47,41,103,262,41,31,30,66,52,63,78,28,13,58,68,43,121,113,57,128,56,11,64,62,43,60,121,116,98,35,25,88,85,128,60,85,45,60,72,116,40,67,69,61,54,12,46,64,131,88,86,88,67,28,78,155,157,88,167,128,109,84,85,79,117,109,30,71,94,35,113,175,146,145,19,72,26,87,136,113,58,75,70,142,91,75,152,250,178,157,149,178,152,81,38,75,108,109,87,72,87,40,42,102,44,82,39,71,68,38,90,88,60,95,200,79,69,19,15,90,136,75,72,64,57,57,90,74,115,195,210,39,25,39,46,57,17,60,107,51,96,34,28,67,131,81,29,45,48,34,69,63,50,73,141,24,28,35,14,21,64,82,71,65,39,24,69,31,76,129,63,57,74,38,74,216,125,127,62,62,54,40,114,133,53,87,116,95,22,34,53,111,267,85,25,39,35,43,7,106,190,70,47,64,71,26,81,52,107,114,44,116,41,36,64,47,68,61,134,56,39,22,6,99,213,100,186,82,50,40,59,112,118,48,38,30,42,67,83,91,84,106,78,54,33,30,60,110,134,106,95,113,84,49,38,12,32,100,33,86,16,15,45,101,44,39,216,91,25,30,56,138,272,153,21,45,26,31,78,188,164,34,225,60,62,27,83,201,308,185,55,198,121,93,108,81,24,136,152,79,89,76,69,36,106,448,3020,7339,7327,7144,6647,1433,5263,4299,1495,1667,649,141,199,511,844,724,95,214,216,327,775,718,375,309,362,407,208,90,157,202,301,586,1039,574,368,150,269,394,493,442,472,345,230,125,299,381,405,325,491,202,49,12,135,258,421,323,288,206,199,149,83,152,379,458,342,81,43,52,153,212,251,113,140,225,104,16,129,213,230,201,347,240,85,64,72,119,195,119,126,194,56,42,93,81,142,149,116,158,112,72,49,54,141,126,109,118,56,35,99,167,196,154,52,62,35,42,76,99,157,56,66,86,78,35,45,96,77,23,187,111,99,32,47,119,182,168,180,119,98,71,118,198,191,77,52,51,57,40,63,132,147,211,128,63,65,45,126,200,259,165,156,121,62,52,80,97,96,48,17,127,127,49,21,28,36,41,13,8,43,56,90,101,76,49,149,99,98,86,61,93,204,174,122,48,56,25,51,19,56,61,30,264,85,30,50,57,102,46,100,99,79,5,35,101,212,219,66,29,31,55,87,106,115,144,240,122,76,21,78,49,59,37,109,80,36,34,89,203,153,114,119,23,13,40,59,19,114,73,62,58,75,46,39,70,48,53,83,101,95,17,13,112,119,89,256,52,31,33,83,194,109,75
46,4.690357,48086,7365,6963,6109,118,40,985,115,64,67,63,132,21,48,74,80,61,60,52,72,63,44,77,68,40,30,77,183,153,124,153,101,35,72,172,246,180,107,102,105,137,58,28,85,50,51,63,53,32,62,115,216,135,56,42,40,68,73,91,226,202,62,61,81,58,74,133,239,170,105,272,48,86,58,23,141,94,92,99,87,47,57,14,53,35,46,105,75,11,39,15,54,133,118,144,76,104,78,40,151,114,43,93,235,130,60,62,127,27,72,34,18,58,46,27,75,26,27,77,107,29,13,10,35,37,87,206,21,42,18,51,211,132,273,87,45,12,59,29,157,129,114,100,8,14,38,47,90,36,46,117,151,73,65,110,183,189,95,17,143,51,26,89,228,187,132,170,91,37,13,60,90,69,42,31,60,128,98,31,213,171,114,89,107,55,62,61,78,116,72,79,87,88,58,50,150,148,94,51,79,64,71,88,164,178,166,128,61,40,21,98,183,192,79,159,155,75,84,92,178,66,73,104,63,51,23,60,45,86,63,48,124,78,61,88,188,158,79,116,78,53,25,102,170,92,80,69,46,48,26,30,85,111,32,50,106,48,53,95,275,114,32,21,53,59,85,111,165,165,87,124,84,41,81,108,154,119,49,79,84,14,27,40,113,97,114,57,107,10,12,108,202,126,120,109,61,87,63,7,49,70,42,100,135,25,10,60,92,23,73,80,116,44,22,110,259,173,64,110,103,40,62,84,164,109,125,153,96,24,57,98,47,182,214,88,93,28,19,117,243,175,133,165,114,60,55,24,50,40,8,31,54,87,36,29,69,80,39,69,125,26,34,22,46,50,67,89,51,16,42,9,102,118,83,71,101,64,56,61,182,139,80,55,45,62,259,37,147,110,18,84,102,75,50,52,198,97,124,93,74,17,39,63,7,72,97,88,84,44,19,26,98,37,69,129,31,5,26,60,110,108,49,93,95,24,32,86,128,122,130,78,35,24,14,86,36,66,95,101,21,21,21,18,56,88,60,58,50,258,17,37,30,34,11,71,48,32,29,52,89,24,39,66,66,23,40,95,102,105,75,73,116,54,19,36,57,69,73,110,148,112,109,82,101,98,59,50,70,44,34,60,142,122,35,92,81,47,28,36,110,82,70,63,55,76,61,10,165,141,83,77,267,123,100,53,164,133,29,23,72,42,58,140,224,120,95,80,72,26,75,105,66,86,43,6,133,131,88,137,243,133,92,60,86,96,84,56,127,137,64,77,70,73,25,75,111,55,23,15,49,66,72,108,80,116,88,111,105,38,30,21,72,99,17,259,37,59,86,117,123,66,99,80,97,27,55,84,138,150,127,26,129,74,56,41,39,172,107,21,123,39,49,33,102,89,71,88,36,68,88,67,98,42,49,27,106,52,31,49,18,31,45,121,78,40,47,31,176,204,68,126,74,49,66,98,118,76,256,108,103,30,27,43,125,160,72,44,15,86,86,20,183,165,68,85,93,40,60,61,153,141,49,62,72,78,41,15,36,68,64,159,70,31,28,62,155,154,72,118,74,43,38,57,154,104,77,20,56,21,49,57,136,153,101,89,90,55,53,42,147,260,47,94,98,112,80,74,73,58,98,82,135,78,88,63,148,31,74,122,60,33,76,72,109,233,128,33,73,47,42,51,152,69,60,104,126,80,82,107,347,215,83,119,140,140,92,38,118,37,78,87,146,52,54,43,103,23,135,1998,6105,6971,7372,7135,2774,4026,4994,2090,1238,606,35,65,553,715,581,226,161,138,277,580,758,395,173,307,566,340,184,257,400,265,424,887,656,344,158,259,584,455,343,388,350,192,112,323,643,396,228,371,312,77,108,223,450,387,252,227,218,214,147,178,437,366,370,407,252,50,10,165,494,338,141,183,231,71,50,141,373,263,170,270,355,66,20,87,284,196,100,85,256,51,77,126,109,114,120,190,300,121,103,150,267,200,188,110,164,92,65,119,222,184,154,65,17,102,73,95,246,195,128,139,155,79,53,25,60,51,39,115,215,114,70,106,230,205,90,125,134,132,65,82,187,157,89,67,81,61,49,75,173,211,148,108,97,88,27,129,238,186,154,150,141,18,20,53,111,77,65,43,58,134,102,48,89,86,81,33,102,34,86,125,165,63,47,11,92,60,39,56,216,154,121,137,54,267,36,5,59,22,30,1,52,37,26,31,121,40,36,78,162,38,14,59,195,257,187,135,83,13,43,75,160,120,15,136,99,104,19,22,67,56,74,87,77,56,30,84,265,170,105,38,44,15,17,25,76,138,94,89,23,45,21,58,102,63,43,44,51,31,10,49,126,31,91,87
47,4.709118,47825,7431,7530,7363,118,40,990,270,73,105,41,32,24,17,28,18,35,97,100,76,36,56,104,143,186,86,151,120,151,127,170,218,124,109,77,108,166,40,9,82,40,41,99,64,72,66,91,191,112,25,165,10,24,43,73,162,180,49,86,38,57,16,126,256,215,109,106,125,103,46,19,76,168,72,171,42,50,11,21,109,49,14,63,11,109,8,30,41,132,93,155,64,85,41,49,143,139,61,62,165,91,15,39,95,125,120,52,43,89,68,63,51,30,54,65,60,9,15,12,81,31,63,200,20,52,39,71,256,137,104,101,109,28,26,33,169,159,144,66,56,63,43,66,63,55,30,128,141,141,65,49,81,197,58,159,76,148,29,54,105,160,61,166,139,70,32,50,52,78,49,8,36,77,50,23,163,200,116,50,87,130,57,51,59,100,35,71,122,88,71,89,153,134,46,23,51,281,61,110,99,183,75,190,77,71,74,86,181,129,69,173,83,72,38,59,113,49,57,56,39,101,57,31,35,73,78,70,121,82,63,51,129,164,67,184,74,84,52,88,150,45,54,45,57,7,24,38,79,164,44,89,83,36,18,66,158,116,44,45,58,28,61,123,133,218,95,38,41,44,72,95,107,101,30,138,20,67,10,18,49,74,71,99,49,90,72,100,8,120,127,144,21,22,6,8,70,88,6,131,44,13,24,27,41,59,94,152,68,102,28,124,197,217,136,66,101,198,31,68,68,141,146,6,40,47,15,85,87,194,124,100,80,64,26,72,211,203,177,185,20,57,17,27,100,39,66,19,20,73,28,44,69,20,20,56,48,19,48,17,36,52,54,125,67,84,37,19,48,155,84,17,60,84,46,44,94,100,39,147,76,132,12,66,164,79,53,126,82,106,52,33,158,130,63,142,73,63,30,46,78,98,106,34,31,104,18,75,135,89,140,216,54,53,48,79,158,130,55,36,77,18,76,88,119,247,61,87,52,27,52,79,107,108,140,32,29,67,44,50,143,127,36,78,23,82,42,50,60,6,20,56,41,35,14,19,54,82,59,126,76,52,87,91,84,155,60,62,90,112,54,54,85,89,58,124,134,114,72,56,7,89,57,86,99,79,63,130,78,34,72,162,75,73,31,17,16,102,54,112,80,156,62,40,191,151,74,220,144,169,56,51,1,203,55,28,80,149,75,146,143,56,6,36,78,71,9,79,127,50,66,52,130,95,62,136,264,104,74,114,143,165,51,26,48,69,98,100,66,91,28,99,165,37,80,32,98,89,41,74,139,5,68,188,86,71,13,19,40,34,46,32,31,47,73,111,112,100,74,195,58,96,32,35,66,196,50,186,109,94,18,39,78,153,121,71,39,70,30,37,119,143,89,31,20,8,40,12,56,98,84,72,65,19,23,44,38,52,10,73,62,116,16,40,120,172,32,176,84,30,32,80,151,68,49,116,92,63,256,49,35,116,34,87,14,83,24,48,149,151,62,34,88,140,52,38,56,79,49,126,127,31,23,28,90,112,61,161,38,36,25,44,132,134,34,97,58,34,9,34,82,68,41,11,74,70,26,98,115,74,56,79,56,57,16,31,77,90,10,63,76,265,45,26,32,51,65,109,85,98,48,42,96,73,101,138,73,45,15,117,181,141,75,59,124,148,64,46,125,70,27,161,28,63,67,85,215,185,93,47,161,81,48,70,39,31,57,132,70,54,73,68,52,44,235,2487,7373,7540,7441,6483,1220,4246,5210,1328,1278,999,119,146,86,621,584,296,159,182,354,669,574,323,206,391,498,348,139,200,368,304,466,1042,743,540,135,233,473,342,245,359,199,110,116,275,540,288,199,382,133,49,54,141,390,403,202,207,147,219,85,77,232,327,346,389,101,14,19,111,312,204,79,273,117,94,39,77,242,242,144,305,192,122,39,37,175,193,65,68,126,118,40,127,151,131,89,136,193,149,80,58,113,194,100,147,91,71,44,45,100,204,123,2,46,34,47,67,143,192,72,105,67,122,28,25,69,42,38,130,121,122,24,46,164,139,267,148,129,169,41,64,146,101,102,56,90,50,35,35,102,154,130,184,107,107,65,113,172,179,121,113,85,48,32,22,80,98,35,90,126,131,54,72,15,151,42,38,45,39,38,68,155,116,85,51,66,84,41,13,89,50,53,206,21,8,44,85,64,23,11,29,71,159,57,28,46,47,2,38,51,42,3,52,87,215,77,41,48,76,78,99,115,152,76,224,144,58,17,37,80,30,61,78,59,93,47,55,116,127,83,138,63,32,38,13,50,171,40,75,63,132,52,32,54,69,37,112,61,70,33,51,40,93,95,93,100,68,65,92
48,4.72788,47623,7063,7536,7570,118,44,1087,274,17,8,15,36,63,60,116,99,24,35,88,140,140,124,89,135,61,24,84,195,168,113,118,34,123,100,44,19,159,64,26,22,8,21,61,114,175,59,15,222,22,19,56,110,126,133,96,164,69,58,60,139,185,181,98,50,100,34,22,52,107,174,263,193,32,47,4,43,65,75,35,158,13,44,54,59,81,154,73,153,44,103,76,51,147,90,38,174,129,74,57,51,64,156,69,24,53,82,54,72,44,14,37,125,53,57,49,10,16,55,83,245,18,29,33,78,111,81,67,33,73,25,54,23,104,79,107,65,28,4,34,99,30,79,71,175,140,131,63,50,132,193,22,150,91,86,60,42,133,172,65,164,186,69,31,40,54,118,13,43,74,76,15,66,208,145,92,115,58,85,74,35,83,117,93,86,75,92,51,75,177,105,45,144,30,70,75,102,260,162,135,90,63,18,51,56,130,85,72,173,68,89,52,72,110,37,62,26,66,47,17,22,85,77,104,93,120,83,50,62,110,135,113,153,69,44,24,41,111,33,60,78,32,18,14,69,91,80,18,166,82,16,99,125,57,102,70,42,82,46,41,81,165,236,166,74,97,76,70,92,108,156,32,137,13,7,54,49,52,85,69,46,41,3,44,92,78,108,112,87,37,44,64,24,29,82,34,182,66,20,16,30,99,90,91,145,45,30,62,187,228,191,69,81,89,75,59,87,71,131,147,144,52,45,59,122,39,179,140,218,59,35,17,149,210,127,130,74,62,20,21,30,24,47,69,9,32,46,29,52,44,46,8,146,23,10,53,18,73,73,77,151,51,36,16,22,74,127,87,92,23,39,34,25,84,128,11,157,110,73,37,134,132,98,128,145,87,44,54,42,154,152,91,161,48,11,56,71,92,91,95,47,62,34,27,39,91,99,118,200,42,13,16,93,103,124,30,28,21,5,83,143,117,242,89,88,68,52,44,45,66,112,100,56,81,42,34,47,58,138,93,66,5,43,46,42,51,81,23,74,53,78,64,21,58,89,78,163,39,43,94,92,56,142,110,43,104,50,24,59,104,93,50,122,88,75,85,47,78,119,113,109,72,91,72,114,105,74,98,106,78,72,15,27,61,97,55,63,84,60,35,13,130,198,62,142,124,94,47,56,131,194,99,265,73,68,88,116,137,50,63,22,40,43,68,116,59,27,41,1,88,82,84,180,228,114,59,185,152,123,80,26,48,111,95,66,104,47,56,97,94,53,11,24,104,62,40,88,84,46,115,168,62,37,31,34,10,45,23,32,27,32,110,145,53,91,22,69,41,46,71,39,65,198,39,178,79,115,29,38,54,100,93,10,73,34,10,83,116,125,29,123,18,39,59,29,28,105,49,54,23,28,12,35,53,117,108,85,86,93,55,34,187,167,49,257,67,28,41,91,104,85,73,82,81,38,12,63,104,270,43,106,51,78,48,57,160,130,78,45,63,53,32,45,93,87,47,120,122,13,26,57,24,103,82,262,70,34,25,89,52,116,46,197,62,27,26,19,8,40,42,87,50,2,66,70,90,95,48,33,44,45,3,104,66,89,28,35,61,52,36,57,65,94,128,118,99,71,67,54,88,80,36,212,31,29,60,95,89,180,63,42,52,20,32,83,188,89,22,296,55,57,56,110,167,156,64,47,147,137,71,69,75,44,84,108,47,54,41,60,38,73,492,3605,7575,7540,7068,6600,1494,5101,4812,1189,1237,524,30,275,366,736,548,158,157,275,429,720,430,168,168,543,424,180,121,282,292,334,507,888,616,272,148,305,428,339,313,451,211,109,138,293,337,178,176,466,103,36,91,174,307,327,229,287,114,171,169,85,217,351,329,450,53,33,24,173,274,209,76,191,123,16,270,89,197,196,151,415,110,56,15,33,79,131,42,66,82,70,91,109,52,109,110,239,163,119,67,74,123,212,78,93,70,61,42,86,164,205,94,52,23,17,43,59,117,184,122,122,44,67,35,35,7,67,18,180,97,76,43,78,130,109,120,115,120,263,62,142,154,45,125,33,65,37,45,65,126,211,136,74,46,42,15,107,119,145,108,145,100,75,18,51,49,104,72,105,165,116,74,71,49,176,49,96,25,42,63,154,135,134,29,191,56,68,56,29,73,49,138,223,45,48,47,77,55,38,18,66,50,87,34,52,20,47,39,127,49,34,32,40,142,177,80,35,91,2,41,73,134,87,65,215,97,33,40,94,48,48,18,128,114,60,28,69,158,104,67,88,67,51,13,19,49,105,12,56,86,74,47,58,78,61,39,54,68,20,40,25,102,50,77,25,103,67,56,111,107,155,109
49,4.671596,48003,7093,7538,7577,118,44,1120,1,54,147,144,73,92,53,33,17,21,49,66,63,67,54,45,57,65,133,155,103,168,191,44,77,117,205,203,159,147,37,94,76,41,35,107,82,96,54,103,53,38,142,210,107,68,141,24,26,34,138,161,68,86,79,63,65,59,116,171,99,63,82,92,75,40,19,15,55,26,116,100,55,14,70,92,100,67,235,18,37,42,40,42,121,116,165,93,72,74,132,72,54,34,97,108,40,15,24,29,22,34,86,14,38,41,18,19,11,20,52,32,10,27,35,50,72,156,102,48,32,35,128,242,136,103,52,82,31,64,56,191,139,100,48,23,16,22,60,89,64,22,126,132,60,33,84,149,123,82,107,55,82,88,109,167,200,232,236,111,44,20,35,46,56,38,46,45,59,45,109,218,142,162,117,67,36,24,18,113,146,119,14,70,32,3,130,109,123,70,160,39,32,78,120,50,157,172,115,42,38,76,165,155,146,162,201,102,53,50,85,107,69,82,87,46,49,49,50,100,75,137,19,65,48,50,168,232,174,214,189,30,34,31,135,184,94,114,14,36,30,10,42,45,13,57,145,49,69,76,122,84,42,13,132,26,54,34,145,81,107,216,22,15,27,72,70,111,61,109,187,66,32,28,10,26,71,100,15,70,57,60,37,74,95,70,61,19,46,14,12,17,13,53,230,41,12,6,48,141,108,166,12,34,59,31,123,192,79,107,71,77,41,69,99,17,212,152,171,43,37,77,105,29,130,129,169,33,16,34,167,251,153,227,93,38,54,40,33,62,43,8,95,36,47,52,56,107,45,35,106,64,47,10,18,100,111,140,176,71,14,21,14,37,73,18,53,16,48,32,74,159,135,79,17,46,44,36,262,113,73,132,163,86,63,45,101,266,198,183,79,22,37,40,10,52,58,107,139,104,38,34,67,132,95,95,175,36,6,58,67,40,88,20,109,32,37,52,103,50,61,56,92,16,73,63,82,41,58,109,73,28,13,34,21,20,98,119,105,3,52,259,3,41,40,31,83,30,13,8,34,63,42,44,103,64,34,59,79,19,113,55,34,97,75,23,27,26,54,97,145,102,80,36,70,131,121,124,104,57,29,53,88,62,70,81,57,35,16,30,121,81,91,64,81,78,51,43,85,188,128,48,169,80,80,61,87,166,113,76,85,43,59,43,180,182,94,113,14,73,60,68,87,85,35,41,89,126,63,71,222,339,154,76,146,140,109,42,67,67,41,38,59,59,46,10,117,110,44,105,39,27,10,33,79,42,51,121,144,31,35,28,62,75,74,48,69,16,41,86,72,49,95,170,178,38,77,15,62,13,62,48,99,60,33,61,75,48,106,85,52,79,71,44,85,90,79,71,121,78,23,14,13,63,69,78,54,38,9,12,19,38,61,100,43,26,103,37,91,186,115,129,111,50,51,52,108,123,87,149,279,76,13,49,79,83,61,100,8,77,47,27,32,186,119,153,78,58,37,21,79,145,91,22,64,32,3,15,36,2,91,110,142,31,14,47,79,84,166,51,151,64,6,17,28,39,87,28,34,10,17,60,99,150,125,102,105,36,53,44,78,133,76,266,24,131,72,58,32,70,52,92,31,94,42,6,51,71,40,42,222,40,30,16,139,120,174,86,32,48,27,50,116,180,74,31,283,20,50,63,221,224,160,117,74,156,77,43,90,83,32,61,120,104,94,78,77,7,69,717,4028,7573,7534,7101,5923,2654,6056,3996,1506,884,202,251,218,552,607,452,186,131,203,379,713,546,285,363,610,276,127,125,252,408,391,802,1043,406,244,186,425,424,324,339,396,192,73,215,450,482,271,280,502,122,27,83,255,374,345,299,270,149,177,150,145,345,322,379,316,78,33,72,203,154,156,171,187,126,66,87,136,224,196,234,430,128,54,63,54,87,113,102,147,120,66,60,65,47,77,71,155,174,114,67,47,71,129,82,47,74,57,62,124,209,165,170,71,47,65,88,109,120,86,82,111,71,46,39,20,24,69,28,182,100,72,61,77,169,115,151,118,78,101,45,117,216,127,61,48,59,61,44,67,157,201,194,76,58,46,91,169,189,208,149,124,103,33,35,16,35,68,56,9,122,52,50,43,83,58,15,44,30,38,45,128,157,63,54,146,86,74,10,53,88,139,151,83,62,26,261,66,90,59,85,23,56,44,44,79,142,79,32,147,92,34,16,111,156,132,124,91,43,43,65,155,186,58,136,186,43,8,15,41,63,26,95,104,34,28,35,129,231,154,119,85,44,33,32,8,41,83,33,30,46,29,38,93,83,79,37,37,64,6,54,40,138,76,100,77,89
50,4.709118,48011,7503,7285,7017,118,48,1177,40,64,85,82,134,88,79,13,10,21,29,52,43,68,84,26,28,49,88,146,136,108,99,81,45,82,171,170,111,74,22,127,82,41,32,88,57,79,52,83,57,90,110,188,97,31,231,37,34,57,119,135,177,61,112,45,28,59,130,171,218,111,38,93,63,48,55,74,136,65,195,36,33,18,31,76,60,96,155,54,55,28,37,69,122,134,153,97,40,40,73,149,168,56,147,143,78,11,23,51,115,86,55,74,80,78,39,32,21,71,126,71,32,15,41,37,59,134,221,56,30,3,54,147,128,89,6,7,54,56,28,92,102,117,41,31,14,65,110,45,54,60,187,92,77,87,117,134,165,32,155,58,36,21,39,110,137,89,135,80,22,8,30,56,87,20,27,81,106,33,74,171,193,112,103,47,40,60,31,55,128,125,81,83,81,21,88,140,167,272,132,28,31,33,119,113,190,118,105,71,46,73,89,126,113,99,185,16,54,28,88,80,9,67,47,37,67,55,44,37,88,118,57,60,48,56,82,152,144,99,142,105,79,41,101,91,44,68,52,35,28,20,58,59,124,27,157,60,16,26,106,116,26,28,53,57,33,40,116,140,266,186,66,37,70,70,91,78,130,42,138,27,13,23,26,21,95,78,62,26,19,65,134,70,130,146,85,42,36,23,33,34,88,16,173,49,47,28,37,80,58,107,76,50,17,67,154,203,225,133,77,95,67,10,36,277,138,168,141,32,34,75,140,40,220,160,146,33,33,35,147,205,164,185,138,81,25,36,51,22,46,21,16,26,22,18,60,32,18,18,66,13,50,25,20,34,45,98,124,14,27,20,19,43,182,73,65,42,61,46,34,59,101,12,175,37,30,25,38,141,77,89,119,119,107,47,66,160,35,110,148,22,20,53,67,97,69,99,37,50,30,23,49,51,75,130,187,36,58,39,69,101,105,62,66,53,34,44,120,108,266,125,99,52,23,40,57,111,150,162,33,49,54,37,40,57,127,89,66,36,31,2,30,20,47,18,41,39,16,20,15,39,89,51,101,58,63,68,51,63,182,80,72,63,23,32,29,66,130,127,132,125,108,64,64,32,100,131,112,86,50,92,112,83,108,126,81,77,39,26,18,13,121,66,56,75,75,56,30,172,143,41,135,97,258,82,32,117,215,50,97,11,68,55,157,156,94,76,28,56,26,44,136,77,43,19,19,96,91,115,119,186,54,84,170,121,88,34,13,36,104,69,84,59,43,42,119,114,34,26,19,65,2,10,91,122,44,88,176,84,27,32,9,3,57,23,71,273,53,83,90,75,114,109,52,60,25,69,63,104,173,71,171,69,72,12,97,77,180,137,32,81,62,24,79,114,138,56,101,61,43,26,16,23,104,87,40,21,26,42,52,18,89,85,82,35,51,34,43,180,164,66,188,30,22,56,105,108,65,67,59,64,6,57,19,73,129,68,137,45,54,23,74,135,175,71,87,60,20,46,45,92,131,33,111,71,15,49,53,38,86,57,234,84,47,53,54,66,131,39,143,53,13,27,16,13,69,66,61,33,41,20,56,106,70,76,42,42,52,11,44,64,55,274,40,101,54,42,38,24,125,104,67,103,58,64,40,78,107,75,180,73,21,44,181,100,120,66,71,48,64,58,53,160,39,39,269,77,60,83,135,160,153,83,66,147,98,111,50,88,47,90,126,82,57,62,61,48,77,596,3188,7033,7301,7520,6177,1788,4596,3541,1203,1125,496,80,216,122,533,593,215,139,214,410,696,418,376,166,561,456,189,129,230,351,336,685,1074,559,264,183,359,405,457,337,435,228,121,154,380,368,282,216,427,142,51,86,199,293,367,239,256,173,178,130,103,245,397,378,408,93,32,38,159,292,240,127,227,127,32,39,100,182,221,183,400,140,66,31,46,92,173,96,147,151,56,59,119,66,149,153,200,116,112,96,102,100,219,136,110,101,64,67,77,142,194,102,59,62,53,60,60,107,207,149,164,56,68,34,40,60,63,75,218,112,62,52,272,171,159,77,125,90,87,37,95,145,93,102,66,67,15,54,55,107,150,118,87,79,51,41,139,110,184,144,125,70,11,34,22,23,66,53,98,146,83,53,15,67,173,72,76,20,57,56,107,105,72,48,174,67,61,21,47,89,124,138,206,50,45,43,31,63,48,35,66,94,47,28,17,56,44,30,90,62,66,22,72,165,273,116,4,6,37,67,69,98,148,88,163,74,13,26,48,22,89,111,96,90,37,36,103,142,75,62,104,43,34,22,12,53,177,98,46,80,59,46,35,60,51,75,43,35,260,59,40,106,51,124,183,89
51,4.615311,47825,7169,7510,7320,118,52,1274,299,128,145,91,33,44,69,26,44,76,71,42,52,34,41,61,170,170,140,144,61,89,81,134,215,218,176,99,99,137,52,63,66,113,101,70,121,56,29,75,228,157,91,66,6,34,29,78,155,116,63,39,16,65,54,77,180,166,115,70,136,26,8,0,136,44,92,32,50,62,24,47,80,100,103,73,25,34,38,55,31,109,69,131,80,70,49,20,196,133,49,18,149,87,55,13,49,8,48,40,25,56,67,29,99,27,19,14,55,16,22,18,57,28,86,207,36,54,66,58,269,258,98,141,88,33,6,57,139,168,126,68,58,9,42,68,125,64,34,120,116,82,75,25,134,151,89,102,80,71,17,32,100,249,201,274,149,76,22,63,73,53,108,48,73,17,20,8,151,243,173,156,111,60,39,37,105,65,131,146,54,11,31,47,110,129,126,85,91,81,88,160,125,146,136,199,68,50,24,68,200,263,105,162,43,67,17,92,147,80,137,46,23,95,56,24,10,39,75,37,150,78,25,54,189,173,145,193,80,66,37,93,152,189,99,65,54,29,27,14,90,76,37,64,107,47,12,101,181,164,26,35,42,83,89,111,42,85,188,54,22,19,44,69,122,132,94,132,46,67,35,29,25,81,128,153,48,81,45,77,54,83,79,167,32,14,6,11,64,106,34,98,76,81,16,13,152,101,140,183,40,58,90,114,115,162,145,66,87,145,35,74,76,193,138,80,6,50,36,155,119,190,166,68,75,36,22,68,241,247,181,246,120,15,22,31,53,90,49,47,10,37,38,15,85,47,41,24,66,64,44,26,9,62,94,85,13,35,32,47,48,121,120,22,81,53,27,58,166,204,122,41,100,120,21,41,108,173,46,132,115,70,52,46,204,225,195,70,57,49,23,3,106,69,79,49,78,113,53,105,108,108,101,179,62,78,40,9,81,158,66,74,111,12,68,127,116,92,47,117,107,54,2,61,80,172,121,42,63,72,86,58,48,117,70,71,35,84,28,65,80,258,8,53,63,36,19,17,42,87,78,103,43,36,90,99,145,119,93,52,103,95,6,32,43,27,67,187,96,95,51,40,80,82,204,61,99,64,89,78,54,14,32,139,99,52,51,21,97,57,116,71,48,81,61,25,203,235,96,167,111,136,45,27,69,179,116,39,66,101,75,106,230,208,109,56,63,57,45,64,107,74,39,38,133,80,55,59,221,273,105,47,120,164,66,18,77,73,113,67,15,83,38,121,81,10,21,60,66,71,56,82,39,38,114,231,75,46,10,21,100,48,29,60,42,57,76,24,78,61,101,283,69,69,15,49,45,52,7,98,90,48,15,76,122,142,70,31,118,30,33,40,51,88,84,28,14,26,29,53,68,63,114,105,90,30,11,36,22,104,99,53,22,28,34,58,143,156,134,12,74,37,34,62,198,83,67,188,103,49,6,82,81,82,111,21,16,24,40,28,101,158,111,104,102,97,33,66,125,139,106,70,121,72,45,31,56,41,55,153,52,20,16,49,130,170,93,68,34,43,17,11,82,86,20,35,41,41,20,149,130,87,129,114,56,31,40,7,135,178,93,138,65,22,35,1,72,72,85,54,104,77,15,26,140,74,16,145,30,61,48,154,190,202,154,73,60,132,50,42,68,113,32,158,62,37,80,175,272,254,125,38,189,127,70,13,18,65,82,154,81,97,109,87,53,56,239,2503,7324,7514,7173,6533,2816,4003,5158,1743,1437,1174,112,488,215,763,875,412,269,142,352,669,639,455,325,394,415,294,96,99,394,371,470,932,555,406,143,225,564,642,480,412,249,135,83,321,625,463,195,437,260,68,31,102,375,530,250,295,184,178,89,113,208,451,400,364,132,19,37,105,313,304,211,174,149,42,41,78,235,250,186,280,237,110,42,76,217,163,89,65,157,90,68,117,148,119,60,106,164,110,69,20,54,153,103,115,143,37,48,85,144,202,193,73,68,51,41,40,93,160,153,75,65,66,24,21,50,36,28,90,87,93,49,53,129,170,160,246,81,115,54,101,140,214,146,53,80,72,55,42,114,186,202,258,94,89,51,85,221,210,192,97,139,51,36,61,81,47,37,103,118,123,25,30,73,89,13,23,8,29,40,63,142,142,78,56,39,67,14,28,121,132,133,64,57,19,20,33,106,66,47,45,5,73,47,45,80,106,52,80,143,35,29,90,129,174,162,93,64,72,69,81,84,150,52,200,90,53,8,16,18,15,1,66,36,52,31,31,190,211,110,100,13,26,34,49,26,97,125,52,27,64,12,38,112,96,44,111,67,89,24,30,99,85,34,48,171,91,103,60
52,4.709118,47837,7035,7304,6272,118,40,991,270,89,92,31,77,47,19,27,68,41,52,63,72,18,27,35,197,156,102,48,122,77,51,102,206,129,107,84,15,151,42,22,60,206,98,105,28,22,29,76,181,206,31,102,56,69,65,92,231,146,95,41,128,38,47,115,285,210,146,122,33,44,27,3,108,124,109,102,81,51,57,28,49,136,63,24,51,44,27,43,73,169,115,112,52,71,106,96,197,211,72,121,288,108,70,10,110,101,81,17,38,119,87,62,69,27,8,99,158,63,36,16,59,86,90,206,122,59,11,54,237,136,109,142,124,77,1,47,116,154,94,83,36,20,44,56,70,65,79,99,197,121,92,32,58,147,84,52,60,138,54,78,165,203,117,88,135,173,63,21,47,104,112,61,173,77,66,19,197,202,145,45,103,54,58,43,50,81,60,83,62,61,48,19,152,209,89,77,48,270,26,92,101,95,170,109,37,86,39,31,138,199,91,107,193,69,102,37,116,54,29,60,50,66,26,22,97,130,116,83,96,115,21,37,130,145,68,74,40,73,43,42,76,78,51,17,66,124,32,41,117,103,56,50,156,16,29,72,135,46,66,50,5,45,73,89,163,227,168,121,65,92,88,76,94,85,94,68,73,13,41,37,45,9,72,77,133,42,30,40,142,113,90,118,54,57,56,9,43,23,43,84,139,40,18,23,13,46,91,121,187,45,23,102,277,197,122,90,88,151,22,71,113,138,131,260,16,60,30,100,167,50,179,140,202,37,57,100,253,230,169,163,63,9,56,44,25,55,24,26,53,58,62,57,53,27,19,89,129,19,73,54,70,107,106,66,128,51,13,10,87,56,118,21,53,96,45,13,133,140,91,91,85,76,19,46,162,135,261,120,148,113,93,15,203,131,148,115,42,71,67,85,82,62,66,71,53,52,7,6,95,81,144,195,130,11,25,38,133,67,65,76,71,77,9,78,113,223,158,110,52,49,53,73,56,35,118,106,26,73,19,27,46,99,136,105,32,20,39,13,13,58,34,97,103,65,71,37,104,72,12,139,120,20,29,75,63,130,107,78,95,61,6,25,17,151,121,123,126,100,98,59,60,98,71,83,37,55,47,64,92,102,60,114,35,57,38,19,45,80,82,53,48,103,33,9,178,185,162,73,56,184,105,74,115,137,131,23,106,87,34,45,176,172,69,72,82,54,32,63,80,41,2,74,169,134,84,112,297,251,81,78,98,101,81,50,95,214,105,85,69,96,12,70,75,52,61,18,87,110,15,12,33,132,63,96,94,68,76,57,49,35,43,36,72,56,46,260,79,50,150,172,20,87,20,25,138,105,113,42,103,29,34,93,102,176,53,52,134,74,34,30,127,134,73,55,53,51,38,55,45,39,63,33,221,16,38,30,54,53,91,129,191,75,72,28,71,233,91,89,151,35,86,96,205,74,43,184,88,37,28,63,90,257,81,85,114,59,47,24,186,206,62,129,106,72,6,34,162,230,46,130,156,114,18,32,9,11,86,94,90,67,38,47,145,46,124,19,80,91,40,21,83,48,58,1,59,39,15,63,122,203,31,25,106,17,16,25,185,129,68,88,26,71,52,21,63,42,85,128,100,74,42,33,87,72,72,64,69,47,28,72,131,86,148,6,39,96,56,62,148,256,74,57,196,115,74,51,244,210,137,126,130,160,124,68,79,158,17,51,105,78,68,87,78,48,145,1461,6288,7319,7060,7370,5593,2101,5619,2177,1158,1295,159,207,46,536,552,208,223,202,248,471,616,346,286,305,660,447,130,160,433,159,361,845,772,482,149,200,599,501,349,340,353,292,102,208,600,385,188,267,329,48,37,119,336,346,275,168,185,173,207,140,323,402,368,338,338,85,79,92,376,332,195,126,255,124,46,51,259,232,156,185,335,90,30,24,160,84,92,49,216,90,24,45,97,49,137,152,323,137,110,64,213,189,151,164,177,92,58,41,216,253,181,74,54,58,68,99,136,234,183,123,91,92,44,42,46,48,52,79,230,128,60,32,130,111,93,61,104,112,57,70,108,192,93,99,84,50,29,12,43,139,141,132,96,61,35,81,149,135,191,146,101,40,38,28,49,75,25,59,47,153,98,60,47,169,61,38,180,41,72,103,200,86,71,61,126,80,66,5,120,108,93,97,131,16,65,39,122,66,37,119,40,94,42,32,49,49,16,88,147,67,60,54,119,242,181,109,64,73,60,89,172,158,97,154,194,52,11,20,112,23,86,145,59,108,35,30,138,191,84,42,26,63,25,33,65,93,77,40,19,58,58,52,89,60,21,87,44,51,21,22,61,88,45,108,122,93,54,74
53,4.634073,47891,7453,7454,7026,118,36,894,267,138,61,113,108,18,68,52,11,37,51,4,69,35,24,44,78,120,63,101,128,13,18,25,130,193,182,132,92,87,120,78,31,71,87,114,108,69,72,26,72,211,131,77,48,18,30,54,86,177,170,41,38,65,76,91,74,173,167,102,79,32,25,256,40,90,78,104,42,65,51,20,36,83,36,83,62,55,77,20,56,31,66,111,148,63,83,109,65,121,111,42,47,180,74,61,11,33,10,25,14,66,55,82,10,44,21,10,52,105,39,27,12,48,30,123,194,22,66,18,73,210,218,156,168,87,32,31,37,114,122,142,143,68,12,35,57,84,109,31,100,156,110,78,24,127,103,45,90,46,91,63,60,138,148,181,198,60,57,15,37,65,59,47,50,83,55,25,80,179,184,176,145,83,94,88,16,108,36,92,90,33,22,27,66,102,87,76,56,77,42,61,98,130,129,146,180,34,27,13,100,152,220,123,179,131,90,45,53,117,127,44,32,18,58,33,36,57,94,104,81,67,37,25,48,160,119,140,197,36,39,10,77,151,140,86,80,27,31,77,29,69,77,53,77,62,66,59,153,145,124,23,263,57,94,85,67,80,100,141,46,10,54,64,66,79,121,75,95,66,51,33,8,18,80,78,168,55,2,3,56,67,104,144,199,37,46,20,46,100,60,48,137,53,11,37,43,61,42,103,127,35,57,71,104,180,198,140,12,81,111,73,100,109,117,269,44,44,55,113,156,102,142,136,55,66,59,10,82,259,287,215,220,39,10,44,69,50,38,46,74,83,33,53,12,75,63,44,67,50,40,44,42,21,99,132,168,47,57,47,47,55,66,118,21,45,69,81,66,170,162,88,61,36,66,28,92,131,129,75,115,88,99,74,51,173,105,156,84,27,50,18,73,71,40,66,20,107,51,4,101,165,146,128,173,53,34,63,28,147,158,121,58,54,40,40,45,35,75,114,31,26,48,27,121,143,108,105,91,7,47,38,16,34,160,83,53,42,52,27,19,258,28,66,120,87,6,52,69,55,74,9,65,59,54,37,71,73,118,98,93,75,38,20,23,13,45,108,165,145,52,15,62,89,44,104,97,77,91,78,82,29,40,53,109,70,47,44,59,103,23,63,85,56,32,9,57,257,197,83,92,22,95,66,28,159,136,89,47,62,116,38,123,180,148,155,46,38,39,53,127,145,54,41,28,86,79,44,116,238,134,74,88,120,147,80,49,20,82,38,65,42,78,36,33,97,47,26,84,78,117,60,31,26,48,107,184,107,69,62,1,50,111,49,23,28,54,268,76,82,89,155,268,38,23,22,35,81,35,49,94,70,44,9,83,141,135,75,47,67,33,8,41,79,77,84,46,80,21,36,23,87,36,39,75,85,50,42,57,29,98,102,115,79,83,42,45,152,146,97,24,90,63,33,103,133,82,86,180,103,46,31,89,91,59,33,18,28,36,33,45,131,137,133,115,67,90,41,42,154,94,30,115,79,62,21,2,42,68,69,96,59,43,47,102,110,108,93,97,52,40,58,22,10,80,41,51,27,62,50,78,113,86,115,132,40,59,31,37,142,119,117,131,272,38,45,61,82,43,60,71,51,27,61,39,82,115,79,110,41,23,58,100,124,256,137,47,32,26,47,28,89,146,39,126,63,66,69,96,214,249,123,68,144,144,125,45,44,23,41,108,134,66,76,89,48,102,348,2447,7054,7483,7482,6064,2563,4541,5446,1785,887,617,196,403,328,401,484,398,159,174,246,511,553,368,232,300,313,208,69,114,189,188,480,1042,474,311,188,243,452,463,369,309,180,143,104,299,536,436,213,379,233,45,93,142,317,387,274,244,146,155,153,124,280,376,398,319,85,29,11,117,288,253,286,146,76,34,10,100,218,215,181,236,187,72,47,127,173,171,79,82,166,72,50,86,105,100,80,151,176,93,79,35,37,110,97,93,123,18,65,92,132,119,101,48,4,9,45,72,126,124,147,55,35,62,31,19,80,82,28,88,75,60,49,64,147,283,110,143,25,88,93,88,117,161,73,52,56,25,22,35,81,111,170,180,67,78,43,108,206,259,131,120,139,39,35,31,10,52,18,106,51,79,29,22,27,84,77,15,41,54,87,113,126,105,36,117,102,64,49,36,60,202,83,92,38,4,31,82,96,115,88,45,24,145,94,43,138,115,57,82,94,30,41,28,113,107,159,86,91,33,48,60,108,128,130,216,80,106,55,49,31,19,68,129,74,71,26,61,114,99,56,95,30,13,22,89,55,107,52,43,35,28,9,23,73,22,51,90,105,55,9,258,128,98,93,74,142,72,43
54,4.709118,47828,7137,7162,6697,118,44,1085,121,25,114,26,47,29,26,27,14,25,79,87,51,33,7,48,145,140,73,122,100,48,34,100,179,145,127,113,89,164,34,7,80,85,105,61,58,11,38,81,219,159,116,76,18,25,44,118,179,143,75,57,97,57,51,143,245,238,146,139,77,81,43,263,127,143,61,124,52,73,46,18,99,58,47,53,53,79,35,19,76,153,130,151,61,96,49,59,178,164,55,138,281,93,45,34,93,74,80,33,30,54,59,68,84,34,29,82,120,23,17,9,40,29,88,210,41,22,29,47,270,174,123,142,75,11,263,37,171,166,125,90,37,53,9,58,71,49,70,146,164,121,91,54,133,151,73,73,81,90,48,94,227,191,124,123,116,89,41,19,93,136,100,51,52,66,35,34,158,193,127,55,177,61,70,16,60,79,64,85,127,65,50,46,202,142,80,77,52,48,20,53,127,170,116,125,43,41,59,86,209,209,114,146,144,68,72,60,194,113,80,64,75,88,31,17,27,72,97,101,90,71,45,73,171,137,101,105,96,89,55,34,229,126,116,48,42,27,4,84,65,98,44,55,119,57,65,39,148,99,35,31,37,39,38,173,176,205,169,87,42,47,67,56,113,112,65,25,86,29,33,45,82,104,115,105,118,59,26,51,156,136,115,139,2,6,22,11,49,70,40,114,91,29,4,29,82,54,97,110,125,73,59,163,230,213,100,76,114,137,41,95,136,103,143,266,42,69,65,124,60,137,178,61,115,16,15,125,260,245,147,199,16,42,62,26,109,32,67,93,52,64,58,18,63,29,23,32,123,38,83,46,52,85,124,117,61,40,15,38,128,124,121,50,84,76,41,33,134,110,42,113,59,92,59,83,194,136,267,148,114,96,36,40,178,101,98,95,66,34,54,23,81,63,81,53,161,50,52,48,87,59,126,212,62,32,50,51,132,54,33,49,60,40,31,76,71,224,130,71,17,38,72,43,87,130,125,30,47,29,31,12,59,105,121,63,54,39,35,18,41,70,35,77,73,13,30,10,107,51,31,90,73,27,52,94,155,179,101,113,123,69,30,36,58,122,74,150,137,89,80,62,61,101,83,40,74,42,23,62,65,91,74,155,57,48,34,29,62,27,87,101,91,105,47,58,241,159,91,84,55,126,97,50,280,144,111,36,43,91,67,83,240,180,75,66,38,18,35,106,118,79,28,61,166,114,108,95,303,119,135,50,85,114,61,83,106,157,126,130,65,89,16,35,78,102,17,50,48,38,11,46,82,85,101,151,110,46,43,19,49,72,22,9,48,51,32,278,106,71,134,205,47,40,41,42,135,144,131,55,94,34,9,70,56,160,80,58,104,50,36,70,139,157,57,68,56,33,43,15,25,42,72,52,100,20,12,20,51,25,52,99,112,99,44,15,140,183,85,110,95,59,43,115,177,79,74,169,129,26,21,40,71,169,40,48,38,60,60,48,154,153,118,101,100,51,9,78,160,118,48,167,102,28,24,26,44,46,110,131,60,40,14,6,133,110,49,79,72,37,29,34,129,88,34,12,62,18,22,49,87,124,81,21,83,56,27,83,176,100,59,85,92,9,41,33,33,5,116,123,79,76,14,58,120,82,99,66,63,25,21,44,115,151,123,29,33,57,29,37,138,116,62,102,132,62,36,90,364,320,120,52,112,75,52,75,81,100,72,92,126,76,81,53,39,23,254,2241,6717,7182,7157,7363,3634,3363,4592,1750,1335,795,123,91,316,593,639,298,95,271,293,605,680,334,174,408,516,279,97,129,313,223,481,954,579,391,126,231,592,492,312,309,315,196,75,251,680,460,234,307,290,71,39,119,468,449,294,169,175,196,184,179,430,384,337,347,232,41,34,167,524,318,152,100,240,127,47,112,338,273,216,272,325,82,37,77,264,231,128,54,220,72,39,77,84,163,182,160,311,138,124,130,229,204,188,153,163,50,47,99,204,181,121,45,32,49,91,113,189,173,119,138,125,58,43,39,28,47,67,132,210,92,51,62,223,158,82,144,135,125,42,52,145,136,85,64,46,51,18,49,80,98,139,145,88,88,58,98,186,168,170,133,150,19,43,67,79,67,39,67,90,123,89,66,75,100,68,51,138,23,38,112,168,68,45,56,96,115,66,24,174,173,106,205,91,42,83,90,83,260,18,51,67,93,53,38,116,9,24,86,149,38,40,33,133,228,190,41,75,30,51,95,181,117,54,199,118,61,51,84,112,44,70,107,80,71,8,41,172,144,105,111,38,12,52,56,58,174,84,41,55,58,45,35,93,44,7,90,70,70,25,12,285,82,62,88,86,21,32,86
55,4.709118,47781,7504,7190,5361,118,40,989,281,167,177,75,21,22,35,47,89,100,65,36,45,40,76,177,145,177,185,103,86,68,144,274,190,108,66,65,127,80,48,112,101,112,92,88,47,10,57,196,138,141,44,86,34,35,76,174,128,97,73,139,79,61,78,197,202,134,64,105,71,44,15,18,27,107,45,51,60,35,51,128,80,72,47,96,23,28,88,109,35,110,85,81,57,56,100,175,138,91,78,254,113,99,27,44,18,37,15,31,46,37,16,71,20,31,53,128,20,36,20,37,24,66,146,73,25,13,91,282,280,120,69,75,76,13,34,140,145,144,124,52,17,29,51,113,42,27,54,153,117,73,70,58,116,118,50,77,63,49,26,163,207,212,168,32,89,29,23,67,18,61,69,110,98,96,30,193,291,216,147,114,94,91,35,34,69,167,124,69,56,26,97,168,102,81,98,140,37,45,151,166,68,116,95,52,80,57,126,177,220,125,132,153,73,22,47,175,134,61,35,34,96,96,51,64,37,71,93,108,73,38,56,187,126,157,227,108,59,24,75,220,172,71,71,39,24,25,13,31,70,52,116,128,56,18,96,185,144,102,74,47,40,31,70,119,112,160,137,87,83,59,89,123,84,66,145,140,55,44,24,10,55,85,100,63,42,36,103,86,48,111,154,55,38,23,30,39,70,54,85,150,70,21,26,109,109,170,166,56,78,44,79,213,248,159,62,128,103,56,75,179,119,211,163,4,49,13,110,162,118,195,130,144,44,38,64,263,312,221,170,104,28,15,26,84,79,50,36,31,41,26,26,68,72,46,50,127,53,39,31,100,59,117,177,137,70,50,23,57,117,128,65,53,57,41,32,149,153,156,78,2,111,29,52,201,251,106,165,149,78,37,31,259,187,248,234,86,85,35,34,18,26,49,78,149,52,7,103,193,137,117,112,45,32,25,39,62,112,121,43,9,18,79,108,172,52,125,51,25,78,20,65,87,121,172,85,60,27,13,11,41,110,94,115,49,52,53,32,39,13,259,104,92,98,66,82,164,146,66,98,98,43,70,80,104,112,133,79,133,103,46,57,33,53,98,114,163,114,49,43,79,31,164,130,54,83,91,108,89,40,51,78,70,78,20,18,72,75,76,13,36,38,14,40,223,217,144,34,14,64,66,26,144,48,138,90,24,48,57,114,200,207,120,40,26,40,40,66,109,65,67,56,88,71,60,74,326,290,124,99,71,159,100,27,29,53,40,52,68,87,39,66,169,66,31,12,81,100,67,62,98,67,46,101,44,42,29,48,88,70,36,12,26,66,80,141,289,60,128,123,62,48,21,23,17,12,16,73,107,44,48,51,112,149,90,93,99,20,53,20,98,136,105,55,152,31,35,9,49,89,92,23,126,41,32,47,58,26,62,115,95,43,13,37,157,142,102,6,57,54,39,64,174,120,109,157,110,52,28,258,114,69,62,93,119,14,41,25,147,173,134,119,96,77,71,58,168,93,91,43,70,79,21,19,29,39,47,119,92,25,25,105,107,61,49,40,48,77,17,12,45,36,43,18,97,24,2,116,187,109,162,83,76,27,41,9,118,152,135,96,51,28,257,41,68,80,43,88,87,70,47,8,93,54,8,89,66,14,61,158,186,194,101,44,8,106,45,68,128,165,88,87,114,49,51,92,243,234,148,51,76,117,57,16,17,30,9,53,69,64,30,21,48,62,176,1605,5371,7200,7514,7028,3598,3602,4928,3105,1216,1003,271,257,341,337,671,426,102,191,266,543,812,480,260,268,452,296,87,115,272,242,429,956,759,479,204,307,583,540,373,341,305,156,67,305,614,502,215,302,338,48,63,136,316,424,318,295,216,144,129,139,325,378,393,343,217,7,27,83,375,294,164,186,270,25,19,72,208,202,188,309,330,90,57,69,151,117,56,131,164,53,42,114,107,66,78,94,197,78,77,36,6,57,94,59,117,27,58,71,128,134,177,43,92,20,42,40,134,132,139,74,103,30,8,26,90,37,44,89,145,67,35,40,143,170,126,293,82,90,55,65,166,176,137,64,77,88,71,26,70,123,171,157,82,80,68,121,214,221,172,116,132,45,44,5,23,55,50,61,57,118,34,60,78,74,102,47,88,25,22,71,173,142,98,50,90,69,58,11,102,145,125,97,53,29,40,29,98,113,27,24,59,66,23,40,149,133,47,65,164,41,52,75,156,132,134,42,101,57,59,52,103,105,86,129,96,54,11,26,27,43,33,61,112,45,43,50,182,178,172,146,73,5,9,18,25,72,92,39,54,58,33,44,105,60,56,65,74,67,27,35,149,55,66,80,115,56,47,70,111
56,4.634073,47779,7533,7795,6092,123,44,1082,265,75,86,93,47,49,35,97,52,105,107,66,45,41,31,204,201,111,126,140,85,24,111,236,166,86,90,80,186,75,28,95,91,31,101,107,59,14,32,180,200,87,80,138,80,37,46,182,135,82,55,139,57,53,62,228,219,115,86,35,56,18,16,270,149,142,74,112,67,10,6,91,69,50,83,120,30,52,21,50,131,100,143,69,43,52,58,134,176,82,77,287,129,59,28,51,65,119,61,10,66,96,40,37,35,21,79,183,55,31,29,62,34,18,167,25,82,54,14,213,158,56,58,69,32,22,8,143,170,120,147,6,18,24,75,76,30,9,84,123,73,90,79,129,203,112,40,108,120,31,27,138,225,152,189,46,82,28,57,74,66,47,32,119,90,93,50,140,197,144,76,149,69,64,31,53,123,85,97,116,101,75,71,183,148,59,44,185,72,44,98,98,101,162,157,58,78,25,32,184,132,29,127,203,74,70,41,128,117,63,64,24,63,71,56,70,100,64,114,137,133,31,19,159,176,78,124,93,81,38,97,150,99,72,29,61,14,23,11,60,75,39,22,176,100,35,79,161,43,61,56,84,263,87,72,121,218,139,174,110,24,90,96,97,106,75,56,160,58,49,26,57,23,98,113,146,75,53,55,107,109,90,137,40,36,25,57,41,117,57,111,232,77,15,22,71,15,63,122,154,92,65,105,206,214,113,76,89,168,64,49,144,95,132,131,105,29,6,95,209,114,193,154,174,33,35,32,218,231,125,193,72,20,53,32,78,52,18,14,48,76,65,12,13,37,45,51,211,59,88,32,114,105,53,124,151,90,41,13,60,50,123,131,101,89,61,36,134,127,118,39,84,131,65,14,168,107,41,11,113,100,55,16,227,112,139,133,29,77,15,31,39,58,81,113,161,104,42,80,108,34,82,170,68,79,23,9,88,12,14,45,44,17,63,111,175,203,106,83,54,93,17,52,125,45,96,139,27,76,78,52,21,65,84,99,36,36,14,24,54,26,258,10,117,41,30,17,65,77,56,103,135,42,26,76,84,105,76,84,157,95,37,21,14,106,55,109,160,127,70,50,112,111,108,116,99,105,124,58,60,123,55,99,47,46,55,35,36,41,79,72,46,88,54,48,186,168,106,61,19,168,105,50,119,290,80,12,115,96,72,42,201,152,28,79,43,93,35,81,140,106,44,24,86,164,114,75,268,209,110,83,128,161,76,24,82,117,91,96,50,147,14,54,64,26,9,34,98,99,43,107,74,96,13,156,59,54,13,10,42,68,38,20,52,101,63,78,58,62,74,122,61,63,57,86,105,201,99,44,121,78,70,27,60,96,72,82,75,67,52,28,133,178,87,58,146,7,13,56,68,29,95,80,108,41,9,42,31,44,54,123,140,65,43,20,124,235,86,75,154,62,43,50,129,47,32,125,120,57,38,265,118,187,61,53,121,31,60,25,108,154,117,110,76,97,47,26,140,152,37,94,46,68,48,66,46,20,60,158,187,44,62,28,157,44,69,90,111,70,40,11,91,112,36,23,106,43,17,81,176,186,81,136,50,37,14,14,64,31,66,95,55,73,48,28,50,40,78,76,144,85,45,58,49,51,49,73,100,62,55,154,221,87,146,110,80,79,23,20,86,106,61,84,225,57,49,92,277,196,98,87,65,163,122,45,34,27,88,98,121,102,67,67,73,7,61,1360,6087,7790,7528,7890,5246,2226,6069,3311,1308,1310,327,236,374,320,689,596,153,202,267,455,577,274,125,289,547,461,128,118,375,292,346,829,837,526,217,205,527,400,304,333,422,300,97,187,554,330,202,315,433,94,26,146,351,383,281,221,231,222,160,125,318,387,345,399,349,21,18,98,392,359,141,146,334,78,5,61,278,276,193,322,441,118,51,37,134,86,93,66,272,137,48,91,115,88,116,174,376,180,159,82,111,176,179,163,150,92,64,57,183,241,188,45,43,86,86,69,157,197,147,166,145,87,72,36,51,52,11,92,224,107,51,54,206,154,122,170,133,138,83,64,171,152,87,85,40,82,61,52,109,218,140,154,40,140,79,90,230,165,138,152,148,30,22,21,23,17,64,12,55,201,87,37,72,129,80,32,169,51,45,89,184,109,72,41,155,65,59,31,95,130,139,166,80,6,29,26,84,55,256,17,44,100,76,11,104,29,46,68,199,45,33,34,93,217,156,121,75,61,42,56,125,124,34,104,113,121,31,39,46,44,6,120,119,88,81,17,159,191,138,79,76,20,23,27,62,166,96,89,42,85,70,19,68,60,13,64,84,89,39,29,68,258,77,136,157,98,85,69,68
57,4.72788,48114,7631,7505,4853,118,40,1026,259,77,59,83,100,119,71,104,60,25,4,56,55,43,67,48,39,60,24,73,185,161,150,156,181,94,44,109,220,206,127,102,80,133,93,35,86,94,114,107,69,30,45,37,172,162,143,42,72,83,54,47,142,161,107,71,117,90,53,91,133,180,119,266,76,53,8,36,37,24,81,41,86,115,51,19,99,72,119,99,157,15,52,22,68,46,151,104,114,88,58,96,197,120,54,59,207,120,42,45,78,38,35,46,87,11,59,63,33,40,42,32,87,18,13,19,19,23,91,159,120,44,6,10,196,249,283,109,101,62,19,32,87,89,199,136,33,11,10,62,114,86,58,31,91,88,48,32,97,110,158,22,81,50,38,84,173,162,206,230,172,126,54,29,30,38,57,35,46,64,39,41,136,190,160,190,105,56,72,49,111,71,114,47,55,10,19,48,141,25,107,87,141,45,58,73,103,85,168,158,15,27,15,77,164,188,168,123,157,74,47,41,169,136,59,60,95,60,57,50,81,64,112,105,55,72,28,76,194,154,180,195,118,75,46,46,137,177,154,86,48,13,24,41,57,49,25,98,129,32,29,66,292,106,61,58,129,72,63,104,113,15,86,126,37,2,54,38,61,48,92,97,150,32,35,32,31,34,63,68,103,70,36,55,131,86,108,115,44,40,12,41,50,44,21,36,209,61,32,9,40,91,118,127,49,60,79,127,163,155,103,62,84,112,82,95,148,145,187,128,138,7,9,118,174,17,156,67,121,30,30,93,198,266,198,147,58,45,33,28,81,76,25,43,77,59,53,30,12,39,16,63,138,37,61,18,62,64,97,170,128,44,52,14,18,48,100,7,80,35,30,60,85,158,133,35,4,81,23,54,176,172,82,109,69,78,32,42,181,222,165,118,9,47,53,38,11,35,43,67,166,73,54,38,83,69,136,194,71,46,36,58,85,105,52,13,72,52,32,65,143,47,104,31,25,44,55,82,101,68,124,88,57,50,42,36,32,28,80,79,55,57,30,12,33,12,38,29,91,5,28,10,63,127,44,62,104,25,43,50,67,73,99,24,59,90,31,17,11,27,37,121,121,109,79,29,78,44,106,130,94,73,51,47,124,63,88,82,45,32,8,61,85,36,63,68,105,61,33,19,143,164,147,59,40,142,111,84,124,156,104,36,58,98,58,46,164,208,121,54,27,69,64,94,100,42,42,14,111,118,121,107,264,247,159,82,185,208,180,49,55,46,69,45,38,92,51,29,112,105,35,79,19,48,18,53,70,54,45,141,52,55,39,18,46,57,93,19,37,48,12,52,82,67,176,171,73,42,23,40,84,53,68,69,90,39,35,25,116,61,30,11,62,68,27,55,39,83,67,80,129,51,55,14,67,113,62,18,106,46,38,48,24,42,111,114,55,12,47,43,200,178,154,47,125,55,42,87,113,70,281,153,89,50,25,102,139,78,109,35,89,19,5,41,110,167,106,149,72,43,62,79,206,92,89,36,102,66,14,16,23,36,89,109,131,30,7,39,117,81,80,64,149,59,34,34,83,49,31,7,63,28,3,111,219,100,126,145,77,37,16,40,86,281,109,80,57,65,40,49,41,87,86,133,68,52,15,4,76,106,70,132,161,67,64,60,147,134,136,87,45,91,31,21,59,146,54,80,221,31,27,95,198,237,142,97,139,133,90,63,37,54,58,115,106,95,116,90,52,51,119,989,4856,7508,7634,6936,4582,3079,5297,4036,1387,1108,388,248,369,191,572,444,103,140,171,415,630,418,295,301,465,359,118,113,300,319,385,754,740,458,223,228,501,441,384,405,389,186,47,225,569,483,275,296,467,79,18,110,279,401,381,262,242,185,136,130,315,400,415,367,293,60,45,2,389,340,203,186,194,92,55,108,234,249,270,268,419,139,87,83,129,122,105,103,197,121,63,38,61,40,65,85,250,144,114,52,47,71,100,97,91,61,43,103,150,166,201,90,55,40,53,106,143,144,170,147,145,63,56,18,40,36,76,39,168,85,8,48,144,222,153,151,123,113,93,66,141,222,151,72,9,86,58,55,86,95,180,177,49,99,49,79,172,208,182,166,199,82,68,60,38,29,66,51,20,148,81,41,23,30,96,25,92,24,57,110,166,136,78,36,163,113,101,52,96,114,142,126,125,12,34,65,121,76,41,57,68,92,82,47,106,148,95,71,210,83,48,35,122,153,167,100,99,60,53,39,106,121,110,150,141,95,64,61,60,33,84,87,119,67,48,49,183,169,123,37,26,28,29,67,63,31,88,28,45,58,18,22,73,49,61,21,40,90,35,24,61,120,112,112
58,4.765403,47816,7340,7505,7397,118,40,985,274,95,133,111,18,51,16,60,65,41,50,32,49,65,46,104,104,102,142,180,55,33,89,215,163,183,138,113,126,113,59,29,89,142,133,60,50,23,26,83,147,114,77,167,26,46,30,174,157,132,73,71,112,47,65,155,128,120,78,58,48,25,16,33,34,97,52,105,55,62,16,50,78,90,49,211,26,24,5,61,52,133,108,173,38,42,60,111,118,92,28,159,124,59,15,23,37,60,30,85,44,56,50,26,27,6,11,94,44,32,10,9,5,73,123,186,33,41,16,90,199,188,125,70,105,15,8,37,118,155,173,36,42,22,35,53,58,59,51,140,105,94,58,55,54,111,62,184,29,77,46,55,153,188,170,217,81,61,20,30,39,58,68,55,53,49,12,106,186,172,157,187,51,105,39,17,13,85,119,1,50,49,57,101,114,104,56,150,22,261,97,161,87,180,96,108,18,36,23,133,167,154,125,208,81,100,2,74,102,88,119,77,36,89,67,26,40,92,145,30,108,64,12,73,85,141,163,136,49,33,35,105,154,135,101,30,46,10,17,44,44,45,113,206,88,35,52,166,99,105,16,105,40,43,61,140,100,85,163,43,51,42,37,90,78,93,66,156,33,59,18,32,12,97,147,45,52,20,51,84,58,119,174,131,31,48,28,28,42,47,40,173,81,41,13,64,101,106,147,65,46,64,116,224,202,121,121,60,60,107,54,111,79,152,181,165,35,2,86,165,7,156,116,126,30,19,35,159,255,246,216,180,38,25,24,57,62,25,32,49,35,50,22,0,48,18,41,105,69,67,7,34,96,104,150,193,71,58,15,33,62,70,69,37,36,75,58,73,87,132,42,107,43,75,65,129,158,112,267,96,115,69,30,82,148,192,203,82,15,42,27,55,49,12,73,103,63,61,23,51,70,106,133,122,22,17,18,99,93,174,34,110,69,52,52,82,41,129,134,34,38,3,55,132,81,76,109,46,34,55,25,31,33,118,84,70,24,39,6,36,24,260,57,151,7,11,32,62,87,46,42,136,21,49,80,55,72,152,62,48,82,66,16,25,22,67,111,200,106,79,15,27,37,97,156,55,62,72,56,102,52,82,87,87,91,51,32,28,57,88,45,124,28,23,17,116,177,164,91,181,67,121,49,47,68,134,92,62,76,106,56,133,189,108,107,20,46,10,51,118,65,42,64,119,123,101,107,170,243,149,82,191,189,189,63,31,16,47,92,46,56,64,30,130,70,24,74,16,62,46,38,59,50,46,114,154,52,79,31,26,58,74,50,64,27,33,75,260,8,173,174,238,24,17,14,56,36,18,33,132,35,52,12,90,119,159,63,58,79,41,32,94,147,81,56,103,20,33,54,55,35,58,65,32,65,41,36,39,33,115,135,116,61,50,29,73,138,174,94,94,83,59,63,172,141,67,123,138,94,52,7,79,51,74,63,47,14,14,39,40,142,171,132,46,56,72,2,61,65,120,36,69,86,23,18,21,29,76,54,155,67,44,24,107,89,129,23,102,64,65,33,24,19,81,25,106,43,23,46,115,92,94,126,82,49,32,16,86,155,124,133,109,85,260,7,23,79,43,117,12,31,22,24,57,141,75,60,245,63,41,88,163,116,185,73,57,10,17,45,36,114,108,11,273,64,43,66,161,240,211,93,78,162,111,75,11,45,27,56,116,80,83,33,48,14,81,599,3490,7417,7526,7361,6325,2254,5184,4789,1614,1148,506,126,253,144,610,554,198,229,212,356,687,403,252,236,419,380,140,53,163,268,329,650,905,394,256,164,386,428,387,323,417,201,109,129,464,430,352,251,480,149,17,110,225,305,411,251,268,135,147,138,125,267,394,357,307,45,15,46,191,249,191,166,291,54,17,29,111,219,212,201,385,105,75,49,56,97,138,87,156,102,52,47,88,29,115,96,85,146,98,51,40,59,94,100,75,52,55,42,67,149,140,92,68,40,36,42,60,99,128,147,135,47,25,20,32,27,76,36,179,75,50,40,65,123,135,286,150,71,73,56,84,126,133,71,77,86,75,28,41,63,128,164,117,51,55,62,134,126,231,143,172,71,66,44,36,58,18,37,24,104,67,30,31,68,100,52,25,46,43,54,155,163,112,69,202,85,95,35,47,94,159,152,145,23,23,48,65,108,42,41,22,84,100,26,20,115,77,46,134,75,55,3,86,126,149,142,100,73,44,65,104,135,114,112,169,90,30,11,47,102,20,49,119,96,50,16,84,143,129,102,82,18,17,29,29,45,95,30,34,52,26,13,87,56,69,35,54,79,56,27,77,53,87,114,60,63,60,31,50
59,4.784164,47637,7333,7641,6865,118,40,1027,267,16,86,61,58,19,48,83,25,57,32,25,67,153,145,166,190,78,86,34,136,237,180,92,64,77,159,47,25,84,99,100,120,123,74,52,85,184,155,87,31,17,33,16,62,171,166,76,43,89,40,56,90,211,178,97,102,88,12,34,18,96,82,93,34,68,77,20,87,145,56,73,62,68,68,41,57,94,53,112,144,59,47,23,119,168,131,28,93,216,100,37,9,73,62,88,18,57,66,97,45,103,34,13,71,109,37,19,29,45,25,134,207,2,37,27,79,219,223,128,163,63,52,41,65,138,85,137,139,52,42,48,67,94,34,46,94,129,82,51,68,108,92,75,30,54,121,34,57,179,151,178,176,50,60,15,41,114,58,85,93,112,51,32,24,175,182,156,130,106,100,37,37,109,44,104,125,54,30,19,67,88,90,74,49,99,71,74,151,270,123,153,94,53,30,42,64,148,181,94,183,139,71,36,36,134,115,31,17,47,74,57,33,56,58,98,99,100,68,27,51,128,149,148,191,21,56,21,76,145,131,68,116,55,38,53,67,107,69,53,96,87,42,17,102,213,103,35,22,71,63,64,44,90,61,92,70,33,18,33,71,112,85,72,98,93,57,39,11,18,38,73,127,89,86,14,12,6,43,85,148,23,34,19,26,66,53,47,104,133,62,30,15,74,79,167,162,108,30,71,122,195,188,125,60,122,170,57,106,113,106,175,99,92,61,17,134,170,78,171,97,113,39,19,90,275,244,196,212,61,41,9,43,108,22,42,61,72,21,22,36,57,25,2,78,117,51,28,44,104,94,97,191,124,83,55,51,87,93,76,22,17,86,54,36,137,163,118,37,47,112,27,73,165,140,82,135,73,94,59,41,256,208,205,122,18,49,24,47,84,59,86,41,98,86,10,102,170,118,136,138,42,23,52,48,90,122,129,46,85,14,63,85,112,101,102,72,49,49,19,64,112,120,130,122,34,65,65,26,74,99,127,97,25,39,27,26,36,17,37,118,77,17,14,33,105,102,42,118,72,53,87,77,132,136,134,36,63,71,19,12,27,42,31,186,133,113,32,41,66,46,89,80,43,83,84,66,64,35,72,120,23,42,35,32,38,26,105,58,31,59,6,54,239,188,118,55,39,144,50,51,157,185,100,14,9,128,57,47,132,143,109,49,24,37,20,116,148,74,83,58,79,111,90,105,299,248,166,84,99,184,84,12,37,76,46,80,62,86,26,43,43,52,26,37,55,94,38,69,77,37,8,127,106,39,13,31,60,95,62,69,87,95,79,93,80,59,63,236,59,85,18,38,94,56,25,60,73,35,27,40,103,88,99,34,138,11,6,53,109,109,55,65,114,47,47,34,75,41,31,17,123,46,14,35,79,72,99,144,99,67,30,57,122,179,134,33,107,77,67,133,182,99,104,203,100,67,43,59,78,268,76,16,89,27,32,33,151,147,148,196,37,106,24,73,159,93,85,69,58,42,13,11,42,47,46,67,16,7,7,29,85,31,64,33,89,98,19,15,32,58,50,15,53,71,40,122,171,94,96,79,74,19,24,41,135,104,137,145,47,22,8,34,33,71,74,113,21,47,6,23,81,87,66,83,47,48,81,130,182,174,104,47,12,103,43,40,89,97,54,89,66,55,54,89,241,236,97,59,109,92,76,69,10,25,23,49,119,98,87,60,49,41,248,2293,6888,7664,7357,6562,2560,4028,5447,2431,1065,824,168,250,381,215,533,346,218,238,219,581,693,281,204,305,386,271,99,109,302,340,497,1022,582,424,151,263,502,390,298,312,260,144,65,320,588,438,223,349,305,88,26,138,335,444,275,302,190,146,111,126,288,336,301,232,142,39,20,126,328,233,156,243,121,50,263,60,292,243,203,274,221,112,31,70,193,179,81,135,194,79,41,96,129,73,60,125,255,66,47,63,74,73,57,52,121,34,27,89,122,156,176,44,68,12,10,64,131,166,96,72,94,76,23,23,77,40,81,74,114,103,32,36,141,154,97,186,109,266,42,92,144,153,92,42,76,47,46,53,84,141,184,174,62,135,36,90,214,181,140,76,102,25,40,45,37,51,43,71,38,157,83,83,61,97,69,70,113,17,52,113,215,164,87,80,86,76,41,50,95,132,111,101,46,18,39,80,87,91,62,51,59,138,80,61,116,119,21,93,161,57,26,57,139,132,95,51,107,55,62,67,88,125,124,209,109,76,41,17,49,59,32,96,111,87,43,8,138,170,125,32,43,10,51,64,63,57,43,17,75,43,15,50,92,22,35,69,95,93,18,61,188,113,84,19,109,88,93,54,97,114,57
60,4.690357,48079,7204,7526,7277,118,44,1085,78,93,72,72,85,45,109,115,34,40,43,31,61,75,49,94,19,26,45,90,133,95,106,147,48,60,54,139,249,108,84,95,134,162,55,76,89,43,33,86,59,44,13,58,221,138,28,122,34,13,22,63,196,169,74,73,24,44,38,99,299,239,99,2,72,84,69,42,155,204,50,133,41,34,30,50,121,30,46,77,10,86,61,63,62,150,125,136,67,71,51,69,216,144,80,146,232,137,80,13,99,143,131,21,61,125,90,35,89,19,35,96,134,58,29,45,33,30,88,188,16,50,27,127,270,172,19,103,75,31,16,78,201,110,100,114,11,24,21,84,82,71,77,165,163,137,89,80,123,178,19,131,74,141,40,68,217,255,99,104,46,50,37,31,111,126,52,23,75,110,88,23,168,205,119,38,88,92,50,28,84,84,71,117,81,50,59,73,192,259,35,32,47,115,113,153,147,148,77,131,63,48,50,101,204,117,66,170,98,96,81,35,139,44,41,37,49,63,66,67,43,94,68,46,122,105,48,46,184,155,62,161,75,93,25,52,190,110,69,40,19,23,12,53,118,111,55,87,105,29,16,83,80,65,59,29,81,65,74,125,152,243,133,126,16,68,84,85,146,188,66,77,45,54,47,12,31,58,77,119,61,48,23,66,76,120,88,128,74,17,36,9,11,66,15,111,69,11,20,9,41,23,98,177,66,47,29,137,269,229,100,86,63,172,58,272,131,91,132,103,40,48,14,124,79,128,132,147,65,33,32,125,277,217,153,175,80,20,7,19,80,75,33,46,36,43,29,35,137,45,24,46,72,24,37,71,114,81,76,85,61,81,24,39,40,93,76,84,6,93,54,8,153,135,72,103,11,113,258,126,198,51,60,140,135,104,42,74,222,74,108,126,62,67,37,68,100,102,113,30,79,70,2,74,167,72,116,208,60,25,40,61,172,118,12,56,39,15,44,109,154,295,108,83,64,52,30,75,100,117,119,105,28,44,12,34,137,174,127,98,42,54,32,21,82,88,4,74,80,45,51,45,84,74,66,154,57,27,22,94,138,176,91,74,123,79,24,35,60,107,56,104,147,93,100,34,83,79,71,81,39,74,75,74,134,114,54,114,97,114,42,28,40,36,82,103,50,88,36,104,331,196,75,116,263,158,53,27,184,248,111,33,64,119,73,88,160,71,72,34,43,58,26,85,69,70,39,20,90,72,71,125,269,106,64,82,133,150,91,7,17,87,76,102,26,84,31,80,84,67,34,83,83,85,31,65,107,67,71,125,137,73,25,23,49,75,39,262,2,73,58,86,134,97,84,135,35,90,42,56,124,246,60,107,130,106,39,79,90,146,70,86,66,37,12,50,90,128,77,7,53,19,31,26,56,68,86,66,101,4,39,72,105,50,38,108,124,71,56,45,164,183,5,131,74,45,23,91,157,42,78,160,142,52,24,45,73,159,37,53,32,33,44,58,224,217,72,66,64,104,12,71,150,166,11,137,73,17,40,34,64,82,39,101,44,54,28,74,122,75,38,61,38,45,44,32,40,51,7,20,71,36,36,65,127,90,48,64,56,31,19,65,128,41,37,31,99,47,58,12,19,63,37,98,93,98,65,21,87,102,80,82,58,44,24,116,181,84,53,45,65,100,68,43,62,71,42,129,39,72,71,101,289,170,71,88,159,97,83,22,24,38,72,109,110,65,55,65,47,16,261,2720,7284,7534,7211,6767,2525,3471,5354,1851,1062,996,169,222,174,315,500,442,258,250,261,598,692,126,76,409,453,339,92,138,316,234,464,952,574,450,165,271,576,421,304,350,247,134,117,334,651,313,149,394,217,30,131,206,459,409,206,261,199,212,92,156,352,410,293,310,108,34,16,263,451,295,128,170,123,89,45,138,374,262,173,337,199,89,12,63,263,240,57,55,147,103,42,89,173,163,90,129,251,139,86,67,138,234,155,94,144,84,58,95,186,190,90,25,21,48,81,103,204,222,107,134,45,83,56,20,54,18,5,106,122,114,264,77,205,135,109,158,73,145,58,56,126,45,74,107,96,46,48,65,138,148,123,137,25,76,35,122,266,163,73,132,62,10,33,26,48,87,9,90,110,135,46,42,33,163,78,45,67,21,48,84,192,111,83,83,62,65,47,46,118,97,78,185,48,1,46,50,61,43,22,37,72,119,68,41,56,31,49,88,74,48,11,43,100,204,124,106,65,32,86,89,143,123,36,184,132,83,33,61,102,26,38,41,102,89,46,23,170,152,104,90,54,42,32,20,35,174,73,50,42,85,54,71,124,75,62,79,257,33,10,72,159,42,93,140
61,4.671596,47957,7405,7634,6870,118,40,1033,20,61,186,110,98,105,54,37,20,30,64,86,40,25,31,38,59,78,144,173,175,170,96,117,101,175,258,206,127,93,127,149,77,25,56,71,97,96,73,26,25,89,238,129,138,53,21,23,46,64,171,154,75,26,100,81,107,83,132,172,77,55,87,16,80,44,90,48,71,38,44,64,48,66,81,69,62,52,92,40,36,58,51,57,128,93,40,123,104,55,159,141,42,56,196,138,76,40,41,51,16,15,35,44,42,21,172,33,42,35,117,21,30,14,27,25,91,168,56,39,14,41,241,302,118,122,273,41,13,48,141,101,114,167,53,12,48,67,135,57,30,82,123,89,120,74,134,146,108,50,64,101,90,98,192,226,183,178,76,79,28,6,116,21,73,90,86,83,78,42,131,212,208,86,105,78,71,37,166,90,174,129,54,48,57,62,188,113,93,268,121,106,105,126,179,116,111,156,31,45,41,133,209,268,170,179,134,83,71,51,158,130,46,35,30,66,87,70,37,45,75,79,140,73,64,43,200,200,197,202,70,37,26,80,200,167,94,144,80,18,38,19,56,27,34,72,48,59,55,110,140,132,28,16,20,42,66,73,121,53,113,81,46,39,66,104,195,123,86,119,94,66,48,33,65,133,67,102,67,80,54,71,86,60,79,160,57,45,37,55,42,70,32,153,119,36,15,66,88,117,185,177,14,77,84,87,173,165,106,28,113,125,71,106,177,126,133,88,48,46,79,179,176,142,168,111,74,30,67,65,258,229,113,175,77,43,51,32,29,36,43,83,48,75,68,52,118,90,27,91,111,57,58,41,114,41,81,101,66,61,20,9,51,103,93,11,104,68,53,54,222,178,112,30,65,144,82,48,285,192,101,184,172,79,19,94,196,186,167,161,33,55,62,54,46,39,50,38,106,86,41,65,133,107,80,129,42,41,24,29,108,107,85,65,40,14,76,117,134,46,138,77,59,36,26,83,83,98,131,115,77,47,47,23,48,117,145,125,27,35,36,0,49,46,7,138,34,77,51,46,61,43,66,96,84,49,53,87,116,115,90,61,99,88,38,17,48,41,77,126,135,113,56,47,155,78,112,85,39,42,39,116,117,23,80,108,47,71,62,56,126,31,61,90,70,100,55,68,249,178,107,65,27,135,272,6,98,145,127,85,58,76,37,74,207,142,119,52,40,26,43,72,92,21,28,43,112,85,36,67,216,223,73,88,104,112,83,14,62,108,24,72,40,87,50,63,86,18,27,69,50,85,79,69,85,44,87,144,73,51,28,27,139,92,27,25,52,3,80,150,117,80,146,194,57,50,51,45,85,42,8,83,108,100,51,68,149,138,55,65,87,34,36,17,93,125,112,32,66,25,14,47,80,32,65,89,72,19,36,49,50,47,123,148,51,30,18,93,209,170,100,47,62,28,30,84,137,105,100,200,85,37,37,83,133,59,83,33,69,21,9,13,86,189,91,161,92,55,43,61,176,100,69,78,34,25,28,18,92,68,43,115,35,12,17,123,197,119,59,48,63,35,21,13,105,42,25,61,49,29,40,98,187,75,106,82,83,78,35,8,113,138,79,273,95,55,54,32,21,48,59,52,98,109,66,57,147,53,48,89,22,15,70,115,203,243,110,74,15,91,33,29,71,69,16,109,71,6,39,80,273,198,103,89,100,105,114,37,35,30,26,97,115,84,70,65,61,44,243,2289,6869,7633,7404,6394,3160,4559,5773,2355,934,883,263,288,335,253,475,402,149,196,242,650,796,416,282,318,449,329,103,114,340,356,486,974,595,384,207,259,622,616,412,346,186,155,114,335,649,444,164,403,321,48,107,160,413,550,323,344,225,177,127,119,291,340,264,268,147,23,57,153,345,242,196,208,123,88,58,166,309,276,186,281,231,96,91,132,290,124,84,131,190,75,67,84,138,104,61,60,220,115,84,41,23,55,93,38,147,72,82,85,214,205,200,63,25,45,69,73,176,165,105,89,64,68,52,15,50,16,43,120,128,97,43,56,153,161,133,224,42,122,106,116,135,158,119,63,83,119,92,89,142,128,148,170,54,84,56,124,267,215,131,117,106,24,54,40,96,27,95,63,64,121,46,15,72,73,93,29,56,42,73,110,187,126,49,96,59,88,61,7,123,157,85,115,54,24,19,259,98,102,16,17,31,53,40,63,146,118,57,89,121,52,49,80,178,154,151,81,94,84,59,43,106,145,78,149,34,21,34,32,63,60,50,80,98,74,18,68,195,188,126,89,61,11,51,61,74,68,103,25,61,74,73,74,126,69,54,66,75,51,257,9,143,93,98,137,84,79
62,4.671596,48012,7462,7250,7120,118,40,983,10,67,103,99,41,94,109,34,52,36,53,47,89,52,37,65,72,70,126,174,140,152,158,48,83,76,159,250,184,99,89,166,129,70,75,41,75,73,77,62,46,25,92,157,112,85,43,52,33,59,82,144,105,81,63,72,63,78,89,149,99,92,27,91,47,2,30,46,75,80,69,71,77,36,41,17,38,74,116,80,64,53,50,49,148,137,121,55,75,48,58,78,110,27,55,134,68,50,27,88,78,38,62,28,78,68,49,63,50,66,12,29,24,32,37,12,43,118,166,95,67,35,27,187,174,131,267,46,17,28,29,34,114,105,133,33,18,72,126,139,72,82,118,109,51,46,69,78,111,83,79,20,93,30,41,84,191,252,264,55,45,52,34,1,29,56,4,37,44,19,112,178,160,125,112,95,94,62,28,65,88,112,103,29,21,10,119,188,136,270,73,99,86,125,165,141,177,177,155,44,32,27,94,190,185,109,198,61,45,9,74,125,85,55,35,58,83,85,29,74,83,59,14,87,37,25,115,164,162,120,179,22,47,18,65,169,119,98,41,30,21,9,38,54,46,33,50,84,38,13,106,142,102,69,88,43,50,96,92,62,67,122,3,24,6,34,74,134,76,94,108,64,69,70,31,58,122,87,162,50,80,34,24,51,61,70,114,61,22,9,12,41,60,30,134,46,31,19,29,94,98,170,177,30,79,118,128,138,147,136,33,81,136,46,82,268,163,188,49,50,33,48,150,71,148,138,37,17,21,23,128,178,197,166,214,52,35,6,45,62,26,43,50,31,72,51,70,108,47,45,80,69,102,52,7,32,102,106,44,42,50,13,107,81,93,60,28,59,64,30,21,90,117,86,75,67,123,56,259,110,86,91,171,114,110,36,47,184,220,209,65,18,53,53,38,43,53,74,16,101,105,30,62,49,36,68,101,31,49,49,78,107,138,77,90,26,60,83,106,76,57,41,40,26,53,21,61,90,123,91,95,84,97,72,25,40,103,71,73,15,58,22,19,7,56,84,147,22,39,15,41,49,47,26,71,33,23,59,114,43,76,71,56,71,91,15,7,32,20,65,180,121,73,28,66,36,28,125,73,60,65,85,77,73,8,72,55,53,54,48,42,17,70,128,154,106,90,36,26,128,175,56,174,97,127,84,45,39,98,70,27,31,95,54,142,217,130,99,29,38,58,68,112,84,36,37,59,109,124,120,132,144,98,51,136,128,135,49,17,87,89,58,77,45,104,31,103,95,32,50,82,39,81,14,81,90,23,70,196,93,24,22,50,103,76,41,51,14,73,76,108,87,85,149,261,30,48,25,33,66,37,61,105,66,16,52,55,88,110,53,27,84,15,43,102,128,87,62,6,24,33,46,17,49,23,43,79,78,44,50,41,36,69,68,98,43,26,31,37,109,150,148,29,37,25,7,108,130,45,81,264,38,36,28,58,58,85,131,35,7,4,48,64,72,97,171,121,52,71,5,48,59,81,33,142,85,20,37,23,36,72,57,138,29,7,9,95,157,112,29,85,26,56,2,6,39,44,58,24,48,20,31,80,71,73,149,143,32,23,48,71,96,70,279,87,106,47,46,57,25,21,102,82,67,50,16,28,96,61,36,131,57,79,67,152,211,223,90,70,23,104,40,71,81,106,18,141,25,43,61,115,175,205,120,63,112,77,109,32,40,54,64,142,140,96,52,32,40,86,391,3013,7122,7252,7452,5721,3028,5343,4746,1950,972,648,214,240,97,314,463,311,122,183,353,819,766,353,325,266,441,304,113,140,324,309,508,1097,478,356,189,268,525,474,386,336,191,79,118,353,448,351,213,363,197,49,69,130,297,447,317,326,228,163,74,64,195,253,276,200,97,34,70,121,154,192,201,227,131,71,82,95,141,214,220,330,207,83,59,83,105,173,88,83,109,91,73,105,141,180,90,113,150,115,97,57,65,106,109,51,116,72,73,112,109,144,194,75,51,64,66,88,78,93,74,88,60,65,59,59,37,40,32,118,162,97,65,63,154,164,159,207,77,112,83,173,192,106,81,29,87,55,47,75,99,120,152,214,86,102,65,101,188,235,159,96,87,41,53,42,38,72,77,132,131,160,27,32,30,71,52,11,32,43,64,109,158,77,43,105,57,78,9,33,83,138,82,30,98,29,259,78,128,48,34,30,29,94,43,25,69,89,56,86,106,68,41,112,168,162,164,44,31,74,77,78,106,98,99,186,62,58,68,35,21,32,56,95,130,62,51,64,151,115,56,92,20,17,60,47,87,99,75,39,47,68,19,82,119,76,44,55,91,7,46,30,46,79,89,34,62
63,4.877971,47876,5025,6561,6009,115,20,462,277,69,99,12,49,24,22,54,50,79,58,50,11,25,77,34,28,49,22,33,77,50,30,56,58,44,45,8,35,33,15,87,60,54,68,56,68,40,30,57,33,40,33,27,24,7,3,49,71,80,31,40,18,77,106,55,78,68,44,44,33,56,37,10,48,35,62,35,48,29,46,64,9,56,95,41,102,35,42,38,33,36,102,41,77,66,62,54,94,42,27,62,58,50,72,17,12,38,63,33,49,5,37,58,90,20,65,19,25,32,12,9,29,54,28,105,123,34,38,72,63,47,15,51,35,40,10,52,109,84,99,23,37,77,23,16,45,36,44,42,77,106,70,90,60,66,78,65,51,89,75,34,85,51,69,60,79,63,18,39,70,44,65,76,75,86,97,75,80,39,51,89,112,89,28,24,28,51,32,63,52,52,27,67,73,49,100,49,77,267,34,47,53,8,126,78,79,77,36,50,61,1,65,72,103,61,74,5,28,8,60,42,46,14,31,56,21,41,19,28,52,54,17,52,71,38,62,88,103,57,36,51,65,28,44,12,43,43,56,76,16,45,74,49,54,95,66,55,52,18,62,62,274,34,23,88,56,17,58,23,19,40,40,67,33,15,25,64,100,65,32,17,18,38,53,13,34,31,23,40,52,29,97,51,53,58,73,34,63,98,90,55,161,70,58,79,68,90,40,51,38,13,27,111,74,81,65,42,10,41,18,39,101,57,133,79,104,17,41,26,52,46,43,28,90,50,35,12,146,149,54,13,79,17,48,57,45,100,89,45,36,72,44,44,84,36,93,65,58,92,74,58,24,50,43,69,89,68,33,13,15,57,45,33,21,21,56,66,90,9,24,23,34,40,40,47,68,122,61,27,77,91,53,60,129,104,51,38,35,23,35,28,51,34,45,40,38,17,43,87,75,20,38,53,19,50,57,54,33,26,30,22,32,73,31,25,12,36,26,56,80,49,48,23,91,91,30,61,105,38,65,32,20,43,69,45,22,42,27,42,30,272,55,29,31,64,66,33,68,75,39,36,54,71,73,42,27,36,59,25,59,73,51,7,43,23,25,69,131,77,84,53,20,20,28,40,41,43,67,69,21,38,34,82,14,72,22,33,49,76,27,62,44,16,18,43,123,42,44,14,70,43,35,51,259,90,65,68,63,56,54,44,104,26,67,43,51,43,47,47,35,58,16,30,50,113,83,80,120,129,87,57,110,58,94,62,28,30,99,39,55,72,43,45,76,34,57,42,42,65,46,37,70,61,72,60,62,45,40,19,46,6,54,34,71,63,26,264,15,48,53,32,70,46,35,21,27,22,30,69,66,80,34,36,66,26,68,32,32,13,21,40,39,68,48,52,78,50,28,45,20,12,21,22,52,64,20,13,106,64,99,12,86,85,52,73,22,32,51,31,96,68,82,38,88,75,78,78,9,70,3,61,61,66,20,33,15,57,69,54,87,101,33,28,35,35,19,23,70,35,65,85,40,48,30,31,46,16,20,47,49,41,27,34,11,20,27,31,81,15,13,17,19,17,34,56,30,37,21,70,51,44,55,10,31,29,39,89,66,40,50,88,52,38,21,61,24,40,30,55,34,45,64,31,39,57,83,117,94,65,31,89,68,44,89,48,82,82,49,25,46,85,120,44,126,68,26,20,103,76,27,28,96,36,68,29,35,5,18,40,105,93,21,69,47,17,12,673,3234,6023,6575,5039,1076,1189,1560,811,731,419,214,269,140,114,206,139,84,169,185,349,422,198,197,124,324,284,146,64,149,219,289,346,555,341,199,137,253,238,132,146,237,83,67,210,263,132,57,133,167,34,62,105,98,128,154,149,106,45,128,117,72,78,54,76,113,46,81,145,183,72,15,282,178,30,50,120,135,93,60,100,110,62,51,90,103,71,81,52,85,13,14,102,62,38,63,55,82,80,76,61,65,19,55,68,34,21,67,87,108,54,44,67,6,100,30,48,136,94,41,50,102,59,38,36,46,103,75,49,61,78,58,38,98,98,257,20,89,83,41,9,60,99,27,22,51,44,17,53,26,25,34,32,32,18,30,44,64,54,52,23,26,41,16,15,2,24,12,32,41,45,42,46,35,55,35,21,28,66,35,7,49,56,24,50,64,104,85,37,66,55,55,47,68,44,55,34,15,88,78,45,49,39,85,56,26,21,32,59,65,96,38,33,48,39,44,11,40,39,66,53,64,66,6,39,66,27,45,19,53,43,63,48,76,47,30,14,50,47,21,23,26,43,20,37,29,48,65,40,38,10,22,7,33,41,45,18,13,16,41,51,28,17,74,56,55,78,74,29
64,4.634073,48075,7522,7297,7081,118,36,889,280,58,38,58,90,55,86,105,41,36,47,47,57,53,61,53,41,67,48,125,174,168,141,134,33,51,95,169,234,165,67,73,153,129,78,24,72,159,116,70,35,27,17,110,181,163,146,56,72,38,38,106,186,75,47,37,47,38,35,121,179,98,54,256,90,70,68,32,19,106,94,109,25,88,32,36,54,51,62,132,84,53,46,40,64,197,109,164,43,64,45,67,123,91,27,52,147,142,43,9,40,56,46,25,38,65,13,72,71,70,18,21,82,9,21,62,62,85,102,180,78,53,10,79,226,168,267,150,51,61,46,29,78,146,142,60,57,22,26,108,139,52,102,171,71,81,41,54,118,113,81,102,27,67,54,87,85,191,194,270,105,43,26,20,8,39,46,78,78,92,46,57,158,152,156,181,94,38,41,48,69,118,100,69,32,30,53,58,161,91,91,74,58,76,97,125,113,187,103,139,54,35,31,109,181,164,133,219,94,104,79,32,124,71,50,12,70,65,27,20,44,96,76,60,91,86,43,111,195,158,130,132,35,37,61,83,143,132,66,75,30,56,18,71,103,20,29,71,33,9,85,132,273,79,49,115,49,40,46,138,73,69,98,39,59,46,32,106,119,104,72,134,69,77,33,6,31,91,58,116,35,45,41,98,61,57,76,161,92,36,60,11,50,47,15,168,53,68,35,43,97,139,143,162,48,70,91,162,174,89,78,17,78,108,92,279,41,206,146,124,11,29,88,146,85,146,141,73,44,29,18,173,253,165,133,202,24,30,58,47,41,54,21,81,46,70,38,41,78,27,72,91,142,77,59,32,35,84,107,110,55,34,16,52,77,122,86,50,76,75,50,66,92,183,112,33,90,87,258,109,127,105,60,141,85,36,79,77,176,208,138,63,6,41,46,41,47,61,47,30,68,45,28,28,78,107,121,141,8,45,22,94,178,131,90,136,12,3,56,130,55,136,68,48,26,16,96,119,74,69,87,66,53,10,8,27,45,139,101,112,8,10,30,18,25,63,50,176,62,45,18,25,52,65,58,74,45,28,46,56,50,132,74,65,43,64,21,31,15,39,49,233,180,161,111,81,41,74,79,93,53,31,22,92,86,66,73,83,93,90,17,69,42,101,90,90,88,72,29,45,97,165,73,217,67,122,73,58,63,80,76,48,26,68,68,144,177,83,58,46,59,36,66,83,60,38,41,119,158,100,57,163,204,112,31,137,112,166,64,21,108,104,19,51,13,76,30,102,116,55,34,73,30,74,15,51,97,27,91,259,74,25,36,40,132,78,46,267,4,52,64,108,64,133,189,287,78,44,20,44,36,83,25,119,114,130,26,69,136,71,29,20,65,56,28,72,136,41,45,37,29,19,12,34,47,51,67,72,61,22,51,60,12,93,112,69,14,14,12,88,137,150,79,26,57,15,55,90,137,81,261,201,64,31,29,93,70,60,75,42,62,42,43,22,119,162,135,99,102,68,32,105,84,128,38,85,35,29,13,17,61,49,33,127,71,16,31,70,132,125,24,63,65,32,14,23,64,71,23,71,50,27,31,102,110,93,99,67,27,42,58,63,131,262,57,74,54,38,32,6,20,37,54,50,61,71,2,66,137,104,55,173,60,37,58,86,165,229,142,57,66,74,53,72,139,116,36,171,35,17,46,149,216,153,47,89,132,108,55,10,70,57,18,94,54,53,47,16,19,58,413,3107,7083,7293,7518,5843,2748,5593,5538,1941,1098,679,139,232,10,429,350,254,184,142,327,760,711,282,307,300,570,327,105,210,401,397,451,1043,519,283,88,250,476,550,390,424,161,113,137,390,470,314,170,422,168,42,67,176,322,455,281,344,188,126,68,164,249,244,117,108,96,30,69,64,216,241,217,245,126,121,82,147,200,306,259,374,171,65,72,81,130,248,105,119,56,64,47,96,94,149,76,72,94,103,56,54,46,133,92,35,103,53,31,111,132,159,168,24,36,24,16,83,67,84,67,97,48,53,61,30,30,37,17,123,78,96,50,117,146,133,126,219,53,103,55,100,171,106,74,8,101,106,52,110,108,102,175,200,64,59,58,158,175,174,118,105,60,39,49,60,54,109,76,94,77,74,24,10,48,95,66,27,44,38,62,136,175,93,26,105,61,96,78,37,138,98,56,100,123,64,37,61,75,48,26,18,18,55,37,38,60,58,31,85,67,65,27,95,155,108,114,86,18,48,16,103,152,44,59,212,75,57,20,27,52,42,75,68,135,118,25,101,180,103,53,124,49,24,54,79,66,96,87,60,25,78,64,99,104,97,49,65,43,83,50,26,100,96,78,66
65,4.652834,47888,7572,7385,6944,118,40,1024,71,117,76,44,94,59,56,41,35,53,63,49,37,59,36,50,131,173,90,137,133,57,31,53,215,312,85,56,83,116,83,77,47,46,77,85,78,13,16,23,101,201,160,122,163,51,28,60,95,189,53,62,42,35,40,80,144,170,127,29,69,87,33,5,25,53,67,98,36,61,29,13,47,58,30,45,87,71,64,57,53,46,86,59,90,3,30,62,80,96,106,70,49,173,109,50,33,60,118,39,26,28,50,43,45,87,35,44,18,66,36,11,20,24,39,117,154,15,76,45,30,145,191,109,119,60,262,22,39,31,73,110,96,3,9,32,37,93,31,58,82,68,76,90,94,82,126,68,23,65,34,33,66,125,174,231,237,77,34,21,31,61,55,61,65,87,68,41,54,194,143,182,213,78,60,55,18,88,66,112,106,28,13,33,97,173,80,30,33,69,80,111,130,146,86,80,154,31,62,29,108,138,120,82,198,127,78,57,74,223,123,44,14,18,50,40,35,67,121,127,107,89,35,18,81,101,74,156,147,17,35,29,88,143,92,81,120,47,22,35,53,99,21,42,69,45,37,55,141,194,30,49,52,32,14,55,132,114,43,99,56,18,43,47,86,102,56,86,159,93,83,52,35,68,89,23,149,29,52,48,124,79,27,84,180,65,33,35,54,106,56,17,106,8,17,36,70,144,125,148,177,42,65,58,115,185,106,87,6,63,81,32,108,99,148,102,52,40,71,78,128,88,78,99,18,44,7,20,137,296,149,173,240,37,21,23,47,62,8,26,50,62,71,30,41,121,36,85,92,141,84,42,44,18,49,73,93,82,67,17,76,105,97,89,48,37,63,62,45,121,164,91,61,68,76,37,62,119,130,46,85,80,52,2,56,173,152,175,137,29,8,26,30,67,66,14,18,56,49,40,36,67,68,40,78,38,48,31,68,125,52,60,137,38,13,60,95,61,119,68,21,34,12,40,147,119,96,81,107,59,61,39,57,20,118,88,62,13,18,14,39,2,27,60,149,67,47,7,18,53,13,60,21,20,34,48,67,52,132,127,35,69,34,35,40,35,28,35,184,152,102,51,49,59,8,24,34,32,56,80,108,103,47,74,53,72,69,45,49,72,41,41,87,20,25,31,5,149,165,72,147,87,77,34,263,76,132,85,92,38,16,40,156,262,133,34,10,40,34,50,82,94,13,26,44,115,96,79,102,166,100,27,134,112,109,60,32,76,137,75,20,34,36,48,121,177,7,33,98,18,36,44,112,121,22,50,222,59,41,42,35,84,47,10,29,56,31,50,89,36,88,146,262,81,42,37,15,58,80,33,99,94,102,58,62,161,38,72,17,33,12,48,79,155,68,83,46,47,50,11,52,23,40,54,75,80,30,24,59,47,102,103,148,46,41,19,46,91,107,83,31,47,24,38,59,77,38,91,196,52,257,25,69,112,80,60,26,48,47,53,7,88,92,109,123,30,74,21,89,149,126,54,66,31,46,17,57,89,10,47,114,22,15,51,83,135,107,41,60,73,54,20,25,30,70,50,49,63,18,39,114,87,73,94,127,17,27,66,23,62,63,73,146,277,27,25,36,19,25,47,69,86,83,46,33,124,120,72,170,50,43,53,125,175,132,51,55,39,85,23,30,84,43,34,169,50,28,71,148,211,153,37,73,101,89,81,12,76,114,40,89,90,62,34,48,62,63,335,2661,6941,7382,7569,5781,2606,5620,5634,2234,688,577,128,289,389,132,176,223,105,126,248,807,804,114,305,172,444,334,132,174,415,399,414,725,462,214,41,238,474,503,317,360,137,77,120,351,404,237,115,287,117,49,65,131,224,337,273,258,174,91,61,145,267,301,243,180,59,35,57,128,260,279,158,197,61,58,48,95,227,260,231,235,161,74,78,73,117,182,94,70,117,65,43,109,102,108,58,117,152,70,58,45,34,129,101,52,100,33,54,90,125,191,206,54,51,48,41,63,90,120,103,109,29,47,78,35,68,51,29,61,63,49,20,50,188,136,137,195,60,57,56,125,149,99,61,14,93,69,34,56,70,99,190,156,23,56,56,163,157,128,101,74,37,43,42,35,58,91,102,128,76,82,18,29,28,96,126,9,42,56,37,137,174,39,40,79,24,36,24,72,178,82,65,20,54,38,36,91,266,37,3,37,23,63,35,49,91,104,36,74,109,55,32,74,193,99,106,81,60,70,57,88,35,46,31,180,21,20,20,25,63,67,60,54,111,51,45,150,159,75,59,106,39,4,24,54,49,71,58,70,18,54,38,72,122,39,56,81,115,33,47,15,62,47,34,32,71,91,62
66,4.709118,47772,7256,7235,5888,118,48,1124,269,7,105,54,50,59,41,83,99,58,32,65,53,30,132,191,110,144,167,150,23,56,174,312,158,73,97,81,82,57,32,89,21,80,90,62,7,19,57,258,182,96,109,30,43,52,81,199,121,55,42,72,34,43,104,190,112,54,50,67,34,7,18,125,73,111,48,90,36,13,41,65,24,41,57,149,74,59,68,108,96,107,111,21,28,44,66,151,126,43,76,204,92,47,39,91,130,87,33,62,29,11,70,220,33,96,50,101,40,43,33,84,64,52,101,26,74,43,53,182,201,125,68,81,35,5,274,204,76,61,86,20,12,11,64,114,57,69,104,36,51,53,51,131,104,91,60,63,11,25,125,227,164,227,233,102,73,33,32,106,29,55,69,114,89,57,18,155,167,174,155,112,63,26,68,163,57,129,78,19,4,18,94,181,141,78,77,137,57,4,155,210,88,110,129,117,35,27,86,166,190,89,187,200,76,39,79,216,151,68,56,10,36,59,73,37,75,86,87,70,70,38,108,195,64,129,220,118,33,31,52,231,178,99,142,77,16,21,48,133,22,47,87,109,55,2,111,187,72,79,151,66,264,75,86,71,25,49,16,75,18,22,80,137,52,83,125,146,83,59,34,97,129,68,51,97,55,26,57,120,65,29,123,37,38,22,17,48,59,34,89,110,40,20,20,93,131,149,149,99,56,57,99,215,116,113,52,53,69,56,132,265,128,211,115,282,30,28,85,190,69,128,66,130,15,17,116,282,185,136,157,35,26,26,20,53,21,43,21,17,65,48,18,95,40,51,113,188,114,37,6,20,52,74,126,145,51,14,25,47,110,77,3,85,17,30,61,235,173,133,51,53,63,31,24,122,198,36,73,113,50,4,86,311,218,209,186,40,36,33,32,70,45,55,34,113,54,44,93,164,105,31,73,16,15,35,69,100,59,103,109,81,40,62,108,134,86,95,59,30,33,20,92,98,88,108,91,118,63,73,60,34,124,69,30,39,9,36,37,24,41,265,89,38,13,20,38,78,32,76,28,63,51,41,84,80,90,144,56,65,60,19,10,79,23,17,120,175,132,49,63,104,37,69,24,53,46,41,74,114,51,92,95,15,56,35,71,205,43,41,58,36,16,16,50,198,195,99,48,81,92,37,65,99,272,69,59,49,33,8,133,268,142,80,27,24,51,11,69,113,23,36,63,126,117,87,152,280,177,59,101,193,121,89,22,134,155,121,75,33,54,22,104,197,40,61,75,23,69,38,74,101,20,62,121,48,49,26,66,184,121,44,23,73,49,41,73,8,36,135,179,82,35,12,58,118,97,104,38,94,64,42,76,171,55,35,64,90,24,28,55,146,58,64,72,137,48,14,60,137,25,53,70,75,55,16,30,41,63,94,142,110,16,13,52,200,102,111,74,73,36,36,51,117,81,49,111,79,35,40,278,232,118,71,12,108,52,32,13,81,114,116,125,52,41,26,145,312,138,119,81,24,20,28,44,95,51,49,76,140,29,38,75,120,127,77,46,104,32,17,43,143,76,108,39,96,73,43,107,261,39,153,159,34,32,41,33,70,67,37,54,76,50,28,31,34,19,68,30,105,30,31,25,173,81,46,153,99,49,44,124,235,179,108,69,53,96,33,29,45,17,19,129,151,22,28,134,274,246,102,116,105,116,69,26,118,121,99,42,84,98,68,61,102,68,163,1842,5875,7221,7254,6555,2291,4330,5584,3308,897,358,201,349,546,163,131,280,140,133,111,618,863,205,439,282,537,327,154,272,451,360,409,681,639,232,75,163,519,643,354,353,282,70,59,308,584,407,169,265,331,50,43,143,333,373,258,306,213,92,67,151,355,331,334,280,143,50,58,178,401,298,269,249,150,78,33,116,354,281,274,340,276,84,55,99,268,194,166,126,196,46,50,77,121,97,69,88,222,80,53,52,24,105,124,41,89,52,47,107,154,155,156,109,39,44,33,103,248,133,106,100,111,23,32,45,81,61,5,70,122,65,17,64,196,182,130,128,97,56,55,95,172,103,107,51,78,53,38,102,190,89,146,118,35,58,47,129,203,175,125,100,105,35,33,39,86,93,176,132,55,72,34,47,72,76,71,35,98,33,38,76,173,118,29,16,113,74,23,66,168,155,147,39,18,33,30,59,107,99,28,63,28,44,35,88,226,194,56,58,180,62,43,95,200,101,81,92,89,66,51,78,84,76,29,120,90,63,44,9,16,23,73,51,82,42,42,117,182,109,80,53,71,5,17,56,105,75,106,39,44,50,29,57,91,47,79,65,74,73,42,69,178,51,11,38,99,96,92,90,169
67,4.709118,47717,7524,7482,5657,118,44,1080,262,62,78,78,76,73,55,82,76,6,43,47,26,71,131,79,63,155,141,65,16,102,233,198,52,82,94,118,39,18,94,88,88,76,110,38,79,27,157,152,107,23,102,27,32,79,246,148,44,41,115,33,45,123,239,171,52,56,94,35,46,4,90,276,119,82,107,42,10,63,125,77,45,27,137,69,79,5,85,35,104,159,53,25,54,111,175,166,55,77,264,129,17,22,125,106,121,26,29,70,63,100,180,58,63,41,137,60,29,23,80,67,69,184,55,44,31,58,208,258,149,111,81,50,11,47,274,87,87,131,26,9,39,46,82,43,71,91,47,68,58,46,130,89,43,32,30,44,23,116,227,183,168,255,85,94,43,28,88,15,39,103,133,83,38,27,172,222,158,219,84,47,36,70,141,8,80,73,32,22,19,21,144,124,91,92,134,24,39,278,168,100,111,128,106,87,71,57,164,160,112,130,162,102,98,43,109,173,98,36,36,18,26,58,44,133,106,86,21,54,37,46,156,98,90,193,100,49,19,63,144,172,78,68,71,14,4,87,161,49,17,132,167,55,14,106,228,145,54,95,60,87,39,89,165,26,64,41,48,62,30,56,112,106,68,130,132,93,77,22,60,86,85,48,83,30,11,29,80,64,55,123,22,20,13,29,81,43,55,22,136,16,13,30,48,105,119,146,124,34,65,100,201,204,88,48,77,81,49,132,276,153,183,102,93,257,6,181,247,46,80,76,191,73,50,87,275,251,118,174,38,36,38,38,101,45,59,46,44,54,36,15,39,53,56,118,149,135,79,37,26,60,76,146,145,77,53,49,97,173,121,54,59,36,53,92,144,174,82,14,61,30,6,67,165,191,66,100,110,81,35,84,253,229,143,120,28,19,5,38,63,52,29,41,146,41,18,57,106,73,90,113,96,17,41,85,153,120,61,86,50,64,52,69,85,39,101,75,10,47,18,103,161,72,98,112,105,55,31,26,33,58,76,45,28,18,4,9,9,38,55,275,134,11,28,53,124,110,105,95,111,31,15,73,106,117,128,40,68,39,21,41,59,36,10,106,164,152,37,52,73,31,20,12,39,48,39,53,75,77,105,88,40,46,11,55,114,59,25,42,90,68,13,51,165,173,75,50,81,144,59,77,107,96,279,72,57,77,28,71,170,152,85,69,41,38,37,110,96,22,73,17,124,184,92,109,262,227,89,105,186,164,117,20,73,170,67,75,18,27,32,55,74,37,48,88,79,35,26,74,115,64,98,187,88,16,29,34,97,95,17,42,101,33,10,87,68,0,129,184,40,74,44,30,108,49,38,78,104,94,47,58,174,119,59,70,107,11,22,85,134,157,47,63,145,53,42,59,138,37,36,59,106,81,35,53,110,89,138,144,84,54,44,47,142,101,81,70,84,17,36,91,165,136,77,131,106,28,14,82,23,127,58,39,122,67,54,45,158,192,141,166,65,77,9,129,332,172,73,78,25,39,30,45,31,3,8,82,112,73,19,59,155,98,36,32,74,86,45,23,56,78,28,62,130,78,4,150,300,116,112,122,32,46,8,21,106,61,51,89,98,30,21,12,7,40,63,47,130,34,35,50,139,106,60,73,78,111,50,66,156,167,115,71,44,25,41,39,99,84,32,126,199,27,13,98,241,272,45,96,138,126,92,52,83,84,64,38,82,77,113,74,56,89,95,1447,5669,7495,7536,6469,2972,3722,6317,3408,1086,717,303,316,621,208,67,255,77,138,50,507,840,214,413,400,513,402,171,149,306,415,318,694,651,366,111,148,511,594,327,367,304,78,58,260,565,472,161,235,299,18,50,69,282,390,240,263,252,107,49,125,347,361,237,201,139,18,44,141,325,336,219,234,176,54,15,82,268,334,220,316,337,72,38,73,143,202,162,113,178,74,25,42,77,47,42,89,226,88,68,28,52,139,101,54,39,42,24,69,131,152,137,78,75,55,18,87,160,154,72,87,147,16,33,32,70,41,22,84,123,46,31,44,155,189,99,167,52,55,27,76,158,170,79,94,69,82,17,35,96,94,59,124,48,41,27,76,174,139,123,107,123,58,49,87,36,43,83,121,68,69,42,39,67,113,101,70,123,33,68,120,215,152,29,58,79,42,58,22,133,154,70,16,39,30,29,78,153,115,20,8,23,106,88,93,183,134,56,60,154,89,68,26,130,143,74,84,86,60,46,77,169,66,25,146,102,69,54,9,30,62,68,91,98,113,45,6,148,120,66,13,30,5,33,63,113,14,49,30,61,34,8,51,90,40,45,67,38,47,37,15,138,123,78,76,126,74,48,9,84,91
68,4.671596,48018,7293,6993,6410,118,40,945,269,41,36,98,120,59,107,72,40,43,33,21,63,53,43,54,54,27,76,134,52,101,175,64,18,58,156,233,83,86,93,89,80,44,15,59,72,102,90,59,40,56,43,218,205,119,98,35,38,44,96,175,144,63,61,93,20,31,95,206,159,43,54,95,31,24,32,96,91,133,34,81,51,16,44,63,35,76,57,78,49,27,17,28,73,99,141,11,28,53,74,118,179,51,78,201,65,26,26,103,83,65,46,42,76,40,73,136,83,18,77,148,48,39,42,68,53,102,157,23,67,30,40,222,221,160,83,41,14,8,50,113,110,135,152,30,20,35,69,72,43,62,123,55,79,64,17,88,76,14,46,37,94,32,61,162,141,207,196,66,42,51,27,26,10,47,89,134,85,70,21,188,142,179,141,86,80,56,40,119,22,49,47,42,34,46,71,114,93,37,74,82,25,45,147,184,96,68,87,112,25,3,63,108,161,59,134,155,52,33,27,161,151,73,45,45,48,55,55,40,120,117,109,59,52,27,61,87,93,136,162,73,45,22,75,176,183,53,120,43,19,7,70,88,35,51,113,78,47,43,131,224,102,109,109,44,47,21,83,128,11,57,41,32,89,72,89,144,82,77,80,86,73,38,32,69,115,77,132,57,16,38,90,55,25,36,150,33,35,17,63,102,41,34,71,77,8,8,38,80,73,100,75,124,42,29,121,185,145,110,76,82,127,66,104,116,112,189,143,31,46,24,134,145,39,96,68,125,25,14,123,270,175,158,204,13,54,18,9,55,47,23,11,35,47,49,10,80,1,63,93,112,89,54,20,19,24,82,130,132,84,49,29,104,128,121,43,66,77,55,59,118,112,107,39,28,57,20,30,149,154,67,120,27,61,29,32,164,129,172,178,55,28,40,75,81,77,49,40,58,25,54,110,136,97,70,133,63,17,26,100,171,99,42,107,77,43,49,61,72,124,147,96,46,33,50,118,99,103,77,85,46,64,76,41,38,134,97,66,46,9,262,16,43,58,106,133,92,14,18,57,76,75,80,49,38,10,32,46,110,147,161,65,30,51,26,57,64,31,55,177,192,165,78,24,47,37,39,12,44,36,44,84,71,76,93,85,42,36,26,27,69,49,31,34,15,18,22,53,241,218,83,60,89,276,56,102,147,128,105,79,30,64,26,121,200,103,85,22,28,55,12,121,154,53,70,44,108,108,90,122,208,132,95,87,138,122,102,44,77,158,51,68,53,31,23,76,117,3,42,69,76,14,23,97,114,25,71,54,85,20,6,33,64,95,12,62,76,27,58,75,39,77,196,197,73,101,40,33,87,67,75,60,63,70,11,53,150,80,82,66,113,13,1,41,113,81,79,92,122,82,55,35,65,68,55,117,71,35,26,85,66,129,128,165,86,19,10,28,82,103,67,28,84,3,5,63,129,78,55,75,106,43,40,73,112,112,98,14,94,39,22,42,108,137,169,173,20,62,60,91,220,120,31,73,56,43,33,59,30,16,18,37,29,12,21,64,124,86,28,51,81,46,10,45,66,82,79,49,95,70,15,90,159,59,116,150,46,18,23,32,93,70,39,128,22,12,20,27,50,55,98,113,57,49,31,10,88,103,68,98,32,85,9,115,211,202,114,96,67,112,65,29,97,80,37,97,66,48,54,103,211,230,87,73,95,61,64,23,75,109,72,95,121,55,45,38,51,92,283,2347,6422,7005,7322,6047,2454,4713,5248,3067,797,601,132,260,485,213,220,381,80,163,109,602,768,103,430,233,477,382,161,181,371,386,400,665,548,241,58,135,478,597,308,304,152,42,81,247,436,391,118,269,169,38,61,115,294,383,226,246,185,95,31,102,220,290,244,204,71,52,57,121,336,278,244,257,104,119,15,75,239,272,248,262,209,36,41,113,217,239,155,143,166,40,18,60,139,84,73,56,145,49,21,22,60,81,90,62,116,29,4,32,104,110,160,77,47,18,16,41,102,84,66,88,66,31,31,32,86,51,35,67,73,56,21,256,145,133,148,159,17,64,29,85,180,96,78,63,100,80,37,61,83,93,70,89,61,52,37,89,155,198,130,84,58,14,45,61,42,56,124,109,35,106,23,42,46,104,87,71,86,12,50,128,204,139,38,24,42,85,44,80,153,111,60,26,41,33,5,73,120,35,26,44,58,96,64,65,139,97,34,27,80,67,27,74,175,79,95,114,59,29,31,48,50,48,65,175,102,49,45,23,52,83,78,27,65,59,21,51,92,66,67,18,56,23,7,50,65,51,67,16,82,28,11,76,99,3,57,85,88,265,26,47,148,117,64,46,131
69,4.652834,47715,7072,7223,5744,118,52,1216,281,78,119,60,77,84,39,30,22,49,46,55,63,80,154,175,108,59,136,6,66,148,265,117,45,83,39,95,43,31,116,158,42,79,32,28,40,28,205,184,37,68,181,19,37,92,235,124,67,96,153,32,32,116,300,301,139,93,85,31,8,14,107,208,220,54,129,89,45,31,79,88,72,80,173,32,45,18,87,88,86,150,46,48,71,74,165,245,28,67,313,134,16,41,100,216,146,48,21,95,62,65,150,17,35,122,191,98,44,26,79,48,55,190,102,76,74,29,230,180,112,117,32,16,7,36,292,137,95,43,12,23,14,53,137,76,50,107,169,114,53,42,32,96,58,54,10,88,20,28,198,298,137,184,74,104,62,51,91,94,53,11,181,107,57,14,211,221,198,137,135,78,48,29,87,67,43,52,115,33,38,44,143,145,58,76,88,46,51,259,180,140,97,106,74,23,6,45,136,127,48,102,199,51,56,29,127,129,53,38,26,28,28,25,74,86,50,56,24,62,21,26,157,89,121,49,61,45,48,40,91,102,42,19,31,13,5,79,120,71,123,99,207,33,2,102,264,98,76,121,89,47,5,81,211,185,141,55,37,74,65,70,136,137,73,77,145,53,69,13,79,33,30,105,85,19,29,54,110,126,75,136,10,51,10,10,75,100,39,76,174,20,19,25,30,34,25,30,235,55,44,112,230,236,174,96,51,161,93,90,167,127,132,129,67,75,38,135,236,77,86,112,235,28,50,88,326,285,132,133,63,45,20,25,106,71,77,33,22,65,64,30,32,66,51,63,137,85,102,49,69,41,55,78,143,42,16,82,122,162,119,50,114,109,51,65,157,138,119,31,102,101,30,56,114,125,48,46,283,67,27,48,209,194,100,93,49,12,22,31,113,76,62,38,87,38,12,67,132,78,62,163,132,65,33,44,152,100,18,48,42,27,52,76,244,266,194,57,23,29,16,50,100,27,75,108,66,9,39,22,66,84,107,86,16,31,18,29,27,77,68,53,72,19,13,15,59,68,68,51,77,25,7,41,90,212,104,44,116,69,21,81,30,99,50,138,124,163,89,52,128,67,20,83,47,72,14,46,64,81,118,166,13,63,26,14,108,83,59,58,48,54,46,9,199,195,107,9,69,131,59,51,120,170,284,47,104,76,21,74,251,93,95,92,20,48,13,94,156,69,48,23,85,92,89,55,255,192,49,111,117,95,96,25,84,48,34,35,16,53,27,67,133,25,56,49,98,53,31,74,62,81,60,135,49,91,22,11,19,101,128,34,124,36,29,85,86,56,92,176,39,80,60,42,137,206,148,47,43,123,29,44,138,142,80,62,86,32,32,46,135,240,79,56,143,28,47,19,105,59,81,52,127,90,24,62,46,65,98,79,194,46,56,21,108,218,84,47,124,23,18,72,195,91,49,117,149,19,16,61,7,163,100,52,157,94,35,28,145,191,134,79,1,50,24,66,224,221,90,42,34,55,37,48,69,17,13,38,165,33,38,64,155,33,7,15,47,66,40,24,59,53,89,52,183,66,29,156,274,140,50,143,27,42,12,7,46,54,64,60,88,49,7,9,64,14,119,93,139,36,21,18,125,124,83,43,66,71,35,73,179,44,83,49,24,96,73,46,78,85,29,64,234,50,49,130,297,237,14,5,102,113,67,61,67,101,93,47,84,57,98,82,76,37,80,1234,5770,7249,7098,7353,4803,2814,6176,4315,1082,875,292,330,650,229,94,314,72,206,67,568,1000,62,349,439,638,544,270,196,470,389,256,563,764,328,140,66,507,572,307,304,318,58,87,230,581,420,87,171,361,41,90,131,340,452,222,199,240,151,49,86,394,389,199,206,242,76,71,92,426,342,211,155,234,60,22,66,325,369,235,280,418,68,28,52,165,257,176,43,169,79,42,102,158,159,139,80,320,89,68,65,185,225,210,65,153,92,61,55,239,243,210,77,44,37,34,46,148,216,116,129,167,49,39,36,53,92,24,59,196,66,43,29,183,147,91,133,39,71,41,60,161,63,49,61,49,128,63,48,122,92,76,168,60,42,37,73,196,148,107,136,94,23,24,22,38,27,83,75,20,98,20,53,57,189,116,56,186,7,48,139,222,148,48,54,91,72,67,30,147,144,55,97,109,82,58,90,132,59,38,262,34,73,69,81,98,78,44,42,120,38,40,57,166,233,114,126,27,32,56,66,157,130,17,104,150,86,42,48,96,102,47,54,122,88,23,23,143,152,59,23,24,47,8,55,117,171,101,36,79,47,19,13,130,58,54,91,69,39,11,21,92,49,21,57,204,72,49,57,30,79
70,4.802926,48012,8028,8064,7906,123,40,1022,57,34,77,70,83,78,68,57,21,34,1,39,34,57,77,38,63,32,133,149,130,90,132,21,25,36,155,268,64,108,66,138,159,68,37,67,31,64,82,20,38,6,95,193,121,86,134,21,47,78,125,152,85,98,60,5,61,78,114,229,171,108,114,81,21,39,49,69,217,109,147,61,44,20,21,32,85,37,127,42,76,62,11,9,74,74,110,76,89,53,23,90,111,43,78,169,75,58,27,93,191,86,35,64,135,15,35,71,49,45,116,39,32,48,25,39,43,120,182,57,126,55,86,193,93,148,258,39,29,48,3,78,49,76,42,35,7,43,68,81,5,64,157,62,91,77,104,143,171,48,102,43,93,39,83,178,188,159,186,63,57,52,26,18,43,5,21,120,93,71,58,188,146,134,105,35,74,41,67,115,116,64,61,60,33,41,74,167,114,70,24,24,78,90,92,98,166,118,124,29,63,12,41,98,71,62,191,95,66,58,32,155,36,90,10,51,61,22,28,56,65,72,67,47,39,18,98,118,160,87,29,10,36,43,77,154,74,87,94,40,31,36,87,98,94,66,118,32,16,36,97,178,259,31,131,23,50,32,115,118,161,115,83,26,90,52,118,136,135,73,62,70,101,75,33,14,106,65,109,80,9,28,86,99,111,100,140,84,56,38,4,35,87,49,103,18,11,27,47,97,63,53,81,30,95,57,143,234,151,127,45,46,166,31,64,102,68,120,48,24,49,44,119,64,135,184,76,11,10,32,144,222,94,140,149,53,30,25,23,46,92,24,45,20,77,58,29,78,16,28,101,154,96,41,48,53,36,8,56,46,46,15,78,126,126,66,97,87,104,69,58,95,99,83,63,21,95,11,257,115,55,24,59,94,85,32,122,203,10,49,99,19,41,35,56,86,129,115,39,43,37,24,66,82,7,129,175,25,22,20,44,108,26,41,116,16,22,46,99,61,182,60,17,40,32,15,53,68,56,81,50,31,32,64,47,43,129,74,126,19,32,6,15,49,62,29,125,32,4,6,6,44,65,58,85,7,27,49,67,78,130,40,103,40,86,8,63,67,40,21,171,188,143,83,97,48,61,24,20,49,105,24,40,73,113,83,106,31,38,19,30,27,84,35,67,53,103,50,26,183,159,39,151,82,81,55,26,85,143,41,61,50,79,16,160,213,65,76,6,47,56,76,100,74,50,65,83,137,106,77,145,184,14,50,155,131,93,77,45,96,27,23,50,53,40,34,87,190,23,68,16,47,80,16,104,127,3,95,218,57,40,13,18,25,69,57,37,39,69,60,78,57,50,119,179,27,56,49,77,127,225,102,167,60,63,34,93,106,93,88,61,45,45,18,77,157,91,82,17,30,11,31,85,13,98,99,38,42,55,14,52,52,84,77,92,56,14,16,34,136,191,51,89,29,45,61,122,142,77,32,269,37,35,48,80,86,152,42,44,35,51,54,46,111,112,68,82,35,53,21,79,198,197,12,64,33,51,12,38,43,74,46,125,8,13,16,75,95,61,19,86,48,8,34,36,44,89,59,49,73,33,50,101,108,34,43,129,44,46,65,32,42,71,256,93,105,71,53,47,45,136,118,92,78,52,43,71,118,132,24,165,11,97,41,102,163,83,80,59,46,87,35,49,121,63,43,224,55,53,59,151,237,48,50,64,99,99,68,14,75,120,72,120,87,75,95,71,55,51,425,3375,7915,8073,8037,6669,1662,5271,5139,1968,781,604,135,367,334,152,245,357,92,129,270,823,630,255,377,367,482,379,204,370,565,394,462,981,476,289,94,244,555,486,357,528,164,159,191,425,497,197,188,381,127,87,96,201,394,350,245,344,173,179,95,223,318,293,182,215,66,50,82,226,303,249,195,243,90,80,41,148,300,299,268,428,161,112,55,105,180,224,95,93,142,129,49,123,193,217,144,117,156,125,79,142,199,307,167,101,144,123,60,89,165,214,190,47,54,57,59,93,117,125,149,163,73,100,80,87,123,48,57,168,112,96,40,18,241,100,131,214,110,110,61,106,146,5,76,76,78,46,31,95,151,153,141,180,75,107,74,160,169,149,96,101,16,23,48,47,61,129,14,38,90,91,41,84,9,174,84,17,36,70,71,96,161,27,37,58,15,84,21,72,164,75,50,146,45,43,20,78,97,32,26,24,30,92,43,46,42,71,48,65,67,55,27,82,202,219,139,71,68,80,35,76,83,37,30,126,41,33,19,32,61,62,74,62,100,69,15,85,139,66,64,114,7,7,29,45,47,197,80,91,47,104,57,98,64,43,80,111,97,36,50,50,107,57,86,58,73
71,4.652834,47763,7509,7398,6792,118,40,985,80,61,97,69,49,44,9,18,39,54,106,50,65,39,93,161,78,106,127,18,25,85,180,280,23,47,37,30,35,7,33,42,63,95,97,26,27,28,60,224,89,41,53,7,31,16,49,128,56,2,44,30,25,63,115,176,113,83,50,95,37,16,67,123,122,155,60,74,30,23,43,53,18,67,39,75,61,33,43,48,131,137,152,32,39,104,84,106,127,67,57,173,76,33,9,71,144,80,45,33,80,45,57,140,88,39,30,122,46,18,17,59,57,93,223,59,58,11,69,183,217,154,173,69,31,23,263,89,106,114,112,25,39,27,34,51,31,107,153,64,63,40,32,117,115,42,47,46,44,8,87,179,154,194,240,85,73,28,25,49,44,50,101,145,83,44,65,212,186,232,204,74,73,46,52,87,42,82,68,25,31,29,95,158,76,71,98,40,54,256,131,191,100,108,130,70,51,7,73,134,171,108,211,144,35,4,35,157,145,67,33,42,29,30,21,43,83,126,117,87,46,24,59,76,88,134,144,37,38,8,64,186,141,62,148,33,39,39,128,159,51,70,92,54,59,46,145,223,97,76,100,25,9,45,98,136,17,88,30,26,76,70,64,81,72,106,121,106,63,35,29,50,127,57,194,21,6,25,50,85,16,53,160,43,19,34,65,81,77,43,89,31,16,32,38,81,87,143,186,83,24,45,110,200,131,125,19,13,88,82,195,198,113,144,109,263,39,59,185,169,96,126,85,71,51,27,138,304,164,200,236,4,22,42,76,88,28,51,55,20,39,27,16,80,28,56,116,137,93,93,56,28,37,94,101,74,75,11,56,113,170,120,19,64,61,57,69,144,158,82,65,53,50,12,44,112,149,67,267,64,71,22,46,150,116,139,103,35,20,12,55,120,102,75,52,47,9,34,107,171,162,132,147,39,9,49,105,155,104,83,126,94,27,35,112,76,173,101,30,33,53,73,131,120,101,98,117,56,60,33,23,32,157,126,32,53,13,20,23,38,33,83,126,97,10,25,28,93,62,47,44,13,28,49,74,60,124,131,55,35,38,15,60,38,25,24,207,135,77,19,29,20,26,60,24,36,68,53,83,105,65,113,89,35,75,29,41,71,50,45,43,4,21,37,57,221,214,94,87,78,77,56,67,114,133,106,150,41,41,40,159,245,109,53,60,11,50,40,132,122,41,38,30,127,89,73,106,184,94,65,100,136,117,56,25,98,177,62,87,35,56,40,110,161,44,51,38,47,66,18,102,111,55,58,143,93,27,29,59,86,91,13,54,40,79,90,65,267,91,147,267,67,36,37,12,74,45,55,82,77,53,31,101,233,94,94,61,93,50,13,58,142,120,106,18,62,48,32,21,51,51,42,23,56,42,13,62,69,94,122,152,89,5,35,24,110,136,94,20,48,40,18,83,128,94,119,170,75,23,37,39,126,88,39,21,66,45,47,56,106,127,140,202,28,47,13,118,231,87,66,66,28,44,4,41,89,3,18,88,53,15,15,78,106,118,49,59,58,32,8,35,64,86,34,23,56,68,11,135,166,78,69,101,37,23,20,35,82,52,61,102,69,43,31,24,34,75,101,136,54,56,32,67,153,91,45,111,53,53,23,140,191,187,91,109,34,57,49,29,78,69,11,104,11,34,72,155,207,199,48,75,76,99,44,16,123,71,32,69,106,62,63,84,75,83,324,2408,6818,7425,7536,5985,2396,5155,5564,2519,553,789,120,346,562,186,191,404,102,161,205,744,859,127,411,258,416,386,179,166,318,392,441,753,458,187,43,169,445,623,407,303,118,67,76,298,419,349,107,262,142,20,52,95,234,392,241,284,161,82,48,97,234,218,191,157,54,16,32,105,296,247,209,250,71,126,23,79,220,259,211,254,117,44,44,58,190,265,125,72,94,29,79,117,122,123,43,121,137,77,26,35,51,56,99,35,96,22,43,59,92,141,189,88,26,3,9,44,137,82,53,66,30,36,39,19,113,74,46,40,43,63,27,74,154,121,127,290,35,57,38,68,122,60,42,19,84,57,22,34,61,49,100,141,31,41,45,120,205,218,122,62,24,13,35,19,65,72,110,81,38,84,33,58,32,105,87,30,70,39,53,124,207,80,58,96,88,53,39,40,187,76,57,100,67,49,51,107,131,83,45,29,62,104,61,77,110,109,12,48,75,36,9,78,223,73,105,48,44,57,40,88,60,59,68,168,54,63,55,27,33,72,78,60,91,77,21,58,117,75,23,69,52,2,11,74,105,57,70,42,72,79,6,58,113,38,49,154,69,37,26,49,164,101,58,43,75,69,24,39,133
72,4.652834,47817,7256,7390,7352,118,36,887,24,44,38,49,30,16,66,49,46,77,92,39,30,45,42,131,138,80,160,148,35,36,101,202,294,113,88,59,92,107,58,27,70,71,128,91,43,45,41,88,152,140,111,87,21,48,65,166,208,111,38,19,9,28,103,144,163,90,72,25,42,26,20,10,62,95,103,109,58,39,10,58,9,37,46,136,59,30,14,11,1,111,125,164,71,35,48,70,124,84,47,59,154,63,38,37,70,112,93,58,60,53,33,112,68,55,65,63,67,55,24,35,63,107,146,196,47,79,41,89,186,125,134,44,66,33,260,32,74,56,78,63,6,20,56,77,61,54,125,172,81,59,40,45,63,88,49,143,25,67,49,76,106,134,199,238,61,70,39,15,22,31,73,58,83,93,19,165,251,150,180,181,44,97,26,53,69,31,64,73,17,29,23,75,151,72,75,77,37,58,74,115,131,102,109,144,26,43,31,117,133,171,94,218,109,48,7,102,192,98,99,37,29,45,39,33,67,106,81,30,33,20,11,38,58,120,117,117,44,28,7,75,124,77,83,72,15,13,42,113,129,49,55,147,57,15,31,158,252,76,67,149,12,7,51,149,46,51,83,71,54,82,47,68,80,79,86,105,118,83,32,46,17,110,92,107,18,29,41,78,99,7,57,131,42,3,40,36,41,52,33,162,12,23,15,41,120,114,108,60,21,41,73,180,231,140,150,20,34,126,69,102,83,126,146,289,56,23,86,178,92,109,129,117,47,27,66,218,289,134,186,171,38,72,16,44,38,31,24,59,55,69,31,15,49,55,87,83,154,95,68,89,73,107,124,137,62,62,14,99,103,83,76,51,32,63,49,69,97,106,62,79,61,53,42,115,135,73,263,115,71,66,32,94,182,144,155,67,14,27,17,54,84,80,8,44,43,40,27,74,45,49,109,157,42,16,24,89,123,92,82,115,9,39,51,85,60,106,114,20,42,8,44,107,89,83,74,57,14,46,23,17,28,144,71,136,30,34,13,34,57,52,42,129,34,53,48,27,64,15,93,79,10,27,37,74,41,133,98,69,36,46,15,38,24,58,94,175,150,92,21,57,21,41,57,24,41,28,21,78,113,81,140,70,65,28,33,49,49,59,55,87,37,45,37,10,113,111,35,165,89,88,65,48,259,98,61,77,57,47,30,160,261,63,69,67,27,37,57,104,96,65,70,92,97,106,72,124,125,39,63,175,116,120,43,20,112,124,117,52,22,33,51,90,166,63,143,18,23,42,15,92,118,19,111,243,66,49,34,23,55,58,9,37,55,28,62,278,47,125,183,259,28,47,10,25,30,62,11,140,61,18,57,112,179,69,53,35,18,10,31,125,165,51,88,73,33,59,37,64,42,68,85,56,95,63,24,35,31,71,92,68,48,26,32,38,111,92,104,62,52,41,36,125,112,43,49,177,34,46,24,123,90,89,64,19,26,45,46,72,138,130,126,79,32,74,18,93,124,109,90,29,19,38,4,15,77,36,26,131,39,17,28,92,106,96,22,96,30,23,8,38,42,62,33,54,54,42,37,156,109,75,119,74,45,37,44,77,70,67,54,83,94,12,31,83,72,65,84,25,33,17,15,90,112,57,58,221,49,91,13,126,211,167,134,44,39,98,44,38,114,52,50,205,53,50,51,159,215,132,83,72,96,56,46,28,79,78,60,106,85,49,80,40,44,60,504,3360,7367,7405,7249,6170,2617,5676,4541,1751,851,439,193,408,368,152,228,234,100,80,308,926,657,337,534,353,408,336,192,268,419,352,525,948,421,211,52,289,567,495,364,432,83,79,146,437,505,235,132,372,52,59,79,144,246,282,221,295,135,68,38,188,311,249,197,179,64,57,61,185,231,212,194,132,87,58,76,110,213,210,268,388,108,90,64,55,110,166,137,105,82,54,41,99,81,114,44,24,102,69,48,74,77,124,103,56,65,33,57,112,113,111,185,17,41,35,53,72,80,76,82,75,37,47,67,70,51,33,47,145,77,48,33,93,178,156,117,193,68,63,37,151,168,92,136,30,110,40,10,65,59,61,174,143,57,85,74,123,123,183,130,107,34,44,32,26,44,91,77,74,96,70,38,20,70,54,69,24,19,44,38,163,167,77,64,141,72,64,5,63,180,117,41,82,45,45,37,127,166,269,40,4,66,98,71,33,116,57,52,69,100,49,34,82,153,129,92,109,63,61,77,122,62,44,88,187,52,39,53,32,52,59,68,93,69,42,16,43,97,52,32,157,12,33,52,66,26,95,63,73,30,30,10,57,73,55,41,87,85,67,43,16,269,63,60,18,84,57,27,44
73,4.690357,47763,7483,7528,6976,118,48,1177,8,144,41,33,49,63,45,41,18,44,58,46,63,73,83,171,61,83,104,48,16,96,178,233,40,63,99,95,104,22,42,122,48,83,99,29,45,45,57,224,185,50,101,54,61,21,140,237,115,83,76,116,79,46,132,261,213,139,144,67,61,65,62,148,220,142,47,47,72,35,37,125,76,106,95,63,53,19,65,91,70,149,126,75,52,36,44,196,182,100,127,213,41,17,60,157,192,67,19,61,111,68,92,144,19,38,147,169,80,46,42,100,79,128,201,21,72,35,84,273,150,171,127,20,28,41,270,212,121,148,110,37,19,41,92,92,58,124,104,136,113,66,9,79,152,70,44,22,105,16,93,227,256,138,137,111,89,65,44,133,149,87,88,142,113,41,101,219,192,166,91,55,89,60,69,67,71,25,58,87,69,51,70,163,107,78,70,20,38,256,118,192,153,112,115,79,34,22,56,209,153,88,192,166,58,45,30,154,51,95,71,33,40,18,30,66,116,83,52,71,22,8,58,114,104,74,65,22,76,80,54,129,90,44,75,26,14,19,52,141,84,115,85,105,51,69,127,231,99,68,53,48,14,41,202,192,177,160,23,45,121,77,105,168,116,82,62,66,72,35,8,74,102,54,111,47,33,34,80,82,46,93,177,14,27,44,47,39,56,38,59,23,30,36,29,25,50,33,102,146,61,37,177,245,206,164,64,32,168,60,135,205,75,139,66,16,88,61,156,157,101,133,69,145,50,61,187,304,208,186,195,20,72,63,95,85,51,12,50,32,75,45,27,97,28,18,99,135,104,113,79,80,3,44,77,104,57,39,29,125,177,134,52,44,95,68,65,159,124,49,55,98,81,30,120,230,178,85,259,77,69,32,74,262,70,95,99,40,12,42,61,98,47,55,49,28,3,49,87,168,69,121,171,52,58,62,119,193,62,29,52,69,16,45,115,194,256,162,19,42,41,48,73,103,66,90,98,81,51,31,38,116,203,97,29,43,39,52,24,64,82,41,123,78,40,28,40,93,34,44,72,59,11,20,47,143,227,71,66,80,60,10,76,70,58,49,165,163,123,61,38,28,35,34,67,27,42,18,73,74,89,152,162,11,51,41,59,39,61,77,64,15,64,25,70,308,197,99,32,42,150,55,91,198,196,117,53,5,112,47,152,193,42,50,34,9,73,47,104,105,36,32,23,138,100,104,167,300,89,77,111,117,68,37,37,53,47,44,92,44,30,41,82,132,54,101,24,75,22,10,59,59,53,40,110,110,52,21,29,41,70,80,75,81,45,40,74,275,76,125,158,52,97,37,56,174,200,97,79,94,88,6,80,152,138,95,85,100,24,6,81,169,186,140,73,64,42,18,42,100,77,81,16,112,58,31,53,103,101,91,122,102,59,24,24,151,201,77,80,58,26,23,116,150,89,75,161,123,9,20,52,162,169,62,71,96,22,19,62,194,162,122,118,48,95,45,107,276,213,36,80,45,91,68,34,60,38,20,82,28,15,17,79,157,62,40,32,37,91,47,16,34,86,93,24,125,43,22,124,181,45,59,93,39,25,26,22,115,89,40,77,61,34,26,35,17,57,126,103,81,79,16,5,61,155,52,56,49,35,13,83,171,119,64,74,31,100,60,73,94,14,48,104,64,70,59,103,290,136,42,57,89,96,40,55,86,59,70,27,77,46,50,66,66,55,248,2443,6991,7543,7498,6531,2655,4107,5166,2152,674,784,143,371,543,170,194,246,160,208,145,726,759,171,375,310,564,485,202,237,391,309,396,680,493,282,71,187,632,545,380,352,190,83,125,321,629,285,146,365,204,32,71,138,411,397,232,256,190,152,57,171,395,243,142,169,105,51,63,182,453,278,185,185,111,156,23,158,382,286,169,262,210,102,59,72,240,260,106,59,118,54,58,105,107,147,106,69,204,109,81,94,163,186,114,25,126,76,51,83,216,208,171,26,26,42,61,101,242,203,74,107,32,78,39,31,54,35,24,70,109,82,6,69,207,112,117,276,51,91,45,69,116,64,21,55,86,29,7,59,80,102,82,110,41,66,47,151,191,123,97,98,28,19,15,25,12,49,39,61,52,69,18,54,77,218,105,47,129,17,43,134,245,100,69,49,48,123,74,52,143,61,43,120,102,31,53,137,124,24,38,23,82,107,77,77,175,108,24,42,41,41,19,88,170,168,140,96,16,25,32,82,161,92,65,165,102,42,34,61,101,50,77,61,80,74,19,93,174,94,20,80,21,22,13,76,89,123,120,43,52,44,35,92,156,61,84,94,62,47,19,40,122,267,78,110,91,47,17,34,51
74,4.671596,48056,7432,7557,4496,118,44,1083,275,79,75,121,91,8,87,78,31,36,71,75,64,69,67,36,59,44,58,164,173,149,172,198,15,10,105,222,304,120,97,84,108,78,59,86,71,130,79,47,37,35,9,178,206,121,79,121,29,28,79,173,215,56,55,28,41,62,104,184,168,105,62,262,63,30,19,91,43,128,74,169,69,59,33,112,61,23,67,213,51,72,24,41,18,93,89,110,39,39,80,150,169,71,51,174,122,78,21,64,99,91,26,45,57,84,67,74,34,38,50,87,87,49,40,39,63,94,152,88,79,99,38,157,255,165,257,43,30,22,24,50,65,115,79,8,22,13,63,135,95,72,107,118,57,57,16,64,79,69,33,64,24,35,61,212,162,179,216,195,97,43,26,97,30,65,92,92,113,90,19,119,239,179,209,129,45,84,31,62,25,75,88,30,46,23,4,121,198,75,67,132,32,54,135,133,132,121,132,44,21,41,50,208,217,124,114,197,75,47,7,147,243,136,87,33,34,51,74,36,60,91,112,35,63,33,20,184,161,156,167,118,33,37,20,112,165,83,49,23,9,38,20,68,69,55,100,148,40,11,68,144,286,72,90,144,31,33,101,158,64,71,112,10,81,65,49,148,77,101,101,158,94,81,45,52,76,138,56,38,40,62,93,113,101,66,92,29,49,17,21,38,45,25,33,196,21,10,27,52,98,142,138,37,22,73,92,214,218,125,104,55,82,96,84,148,94,160,107,195,33,34,97,197,40,130,97,160,55,45,63,253,313,157,149,85,53,49,33,66,37,104,48,43,73,75,31,10,59,43,83,168,141,129,41,85,24,48,145,170,45,50,10,25,105,138,67,67,29,42,53,101,164,157,25,112,60,51,261,117,196,91,45,121,44,33,20,225,222,126,136,66,39,25,31,45,9,32,53,92,62,26,60,87,105,86,101,85,37,26,67,115,126,40,85,89,19,51,86,179,52,103,58,41,50,7,67,127,78,112,114,92,20,87,48,50,47,120,60,93,33,264,41,55,58,43,113,149,44,16,3,79,68,46,108,119,23,2,28,73,33,135,79,89,40,53,17,26,46,12,79,170,211,143,46,100,31,87,102,56,48,46,57,110,87,94,104,24,84,54,45,77,48,42,74,116,40,60,36,146,154,116,29,147,41,103,34,57,60,91,53,52,71,57,74,198,226,88,92,59,64,58,65,137,23,9,60,121,119,122,86,192,190,52,67,209,143,114,34,52,101,105,56,56,38,22,41,117,124,23,72,57,39,26,55,89,100,22,153,152,84,17,48,60,109,26,32,256,72,36,87,104,84,139,168,109,65,56,25,89,56,84,47,132,92,54,49,98,162,73,59,54,18,34,39,128,195,88,79,131,24,44,30,92,38,86,69,21,38,48,31,23,47,111,116,88,33,22,42,182,157,120,68,18,25,18,69,178,137,48,259,144,44,27,74,145,48,110,65,81,31,36,49,119,142,131,112,90,45,56,37,183,107,119,49,21,28,37,7,47,63,45,76,196,38,32,23,106,144,35,34,132,70,51,27,57,68,95,36,117,66,56,75,248,104,64,126,15,27,34,56,65,84,258,45,64,70,70,40,28,25,55,44,100,44,13,19,138,144,95,78,128,75,61,73,186,164,105,61,24,86,89,13,89,102,9,61,211,20,21,69,204,281,90,88,124,82,58,25,40,123,75,38,48,67,56,34,34,75,121,804,4498,7559,7433,7182,4708,3165,5719,4995,1543,744,399,186,513,215,127,292,56,151,63,411,997,580,398,518,387,529,314,172,291,387,441,623,999,378,202,106,482,709,562,451,431,81,92,201,641,615,177,191,400,44,74,103,238,346,328,306,315,120,89,75,336,369,215,148,141,42,55,107,259,319,253,208,219,87,22,102,279,308,279,301,459,75,63,68,119,159,205,109,192,87,60,45,107,74,157,62,132,109,93,47,88,70,124,71,66,87,58,50,181,186,209,162,83,19,21,49,152,142,98,91,115,46,63,45,50,71,5,63,169,65,48,6,143,190,144,143,114,83,80,78,150,147,104,95,64,113,38,50,89,57,89,164,75,58,68,107,208,148,137,133,139,19,29,62,70,47,94,109,50,98,57,10,23,67,92,50,49,20,47,62,178,162,73,59,137,75,67,23,146,201,83,42,69,57,259,49,115,105,40,53,37,58,68,29,144,178,63,29,167,72,37,38,122,193,134,103,84,41,59,61,129,121,37,101,128,45,32,36,44,63,84,80,142,56,8,16,161,167,96,37,51,5,33,50,114,25,96,72,27,73,45,36,141,93,49,59,30,11,41,53,65,107,54,57,116
75,4.671596,47886,7583,7266,6681,118,40,1023,84,146,84,34,102,43,16,27,18,45,64,96,44,63,70,56,87,128,98,189,155,42,62,61,164,229,102,149,94,124,114,74,39,43,106,92,94,12,15,22,45,254,191,126,64,32,37,57,131,198,80,59,44,72,48,46,127,176,96,53,51,88,48,261,39,83,113,82,71,63,61,38,15,38,32,85,93,61,53,10,24,35,146,132,178,67,58,53,71,122,130,9,51,173,106,21,25,130,117,60,43,21,81,6,75,128,73,50,26,73,49,42,21,50,75,101,170,41,79,71,93,178,190,152,132,51,3,27,10,76,88,189,142,29,40,23,30,71,57,122,149,63,75,40,71,144,162,32,45,18,99,38,133,177,161,170,189,118,69,45,22,28,30,41,45,49,68,25,77,190,177,189,162,35,80,42,32,106,94,99,91,16,27,39,85,157,116,94,75,6,74,59,143,137,123,112,133,62,40,6,57,143,144,136,205,169,102,85,57,182,114,93,42,45,33,30,38,54,94,121,98,90,34,19,66,131,164,146,139,40,34,26,39,181,151,75,105,73,36,23,77,132,20,36,52,46,49,73,117,268,78,51,84,20,20,57,129,119,41,73,42,20,59,50,78,151,106,141,148,93,87,75,21,69,89,68,150,26,61,44,67,40,15,70,196,54,39,52,50,97,76,37,121,56,15,26,47,102,102,197,183,21,73,68,159,192,117,142,29,34,150,35,102,174,141,145,70,66,38,39,139,159,75,99,30,60,22,34,201,277,144,195,203,15,66,67,68,61,16,18,78,58,72,53,53,100,52,93,94,147,114,62,29,8,73,122,78,58,37,28,25,113,115,60,20,24,122,68,84,117,166,76,26,29,81,27,56,108,260,30,81,67,8,24,33,164,132,145,86,31,35,59,32,83,38,39,42,77,29,35,55,121,93,93,99,24,43,40,130,135,87,62,99,26,19,43,100,83,57,56,19,35,52,76,72,90,91,122,98,49,48,22,14,27,128,113,68,14,41,41,11,259,33,75,176,74,50,55,11,52,53,57,61,25,36,8,26,36,73,113,31,61,79,22,43,38,28,28,225,143,122,59,16,53,9,64,18,24,48,27,86,85,30,99,85,9,32,23,81,79,12,58,94,39,24,45,37,183,186,52,125,67,155,90,28,122,143,79,134,40,73,44,127,247,96,64,38,22,61,53,122,97,53,44,46,148,130,125,102,201,140,91,177,114,130,95,42,96,134,48,62,41,45,20,96,161,54,78,45,34,17,20,97,98,49,48,145,78,11,23,30,104,84,4,73,41,8,258,52,35,91,162,229,36,71,26,48,98,68,29,92,72,103,4,173,244,59,43,12,72,39,23,110,140,58,73,51,53,64,26,14,33,17,59,47,72,70,15,62,16,70,124,168,53,60,32,62,99,138,88,17,53,27,29,92,125,98,136,224,40,259,23,75,95,90,92,27,42,15,9,15,68,170,149,196,22,38,24,93,180,136,30,53,14,76,8,14,24,45,13,123,55,10,49,74,91,97,43,70,27,42,12,23,56,43,38,36,49,44,24,108,149,68,116,125,30,15,46,25,80,87,76,142,13,76,78,61,26,28,114,119,49,97,36,56,140,130,26,136,44,57,27,118,256,201,104,96,18,96,50,68,125,36,56,140,73,7,44,96,147,160,91,78,117,135,75,35,44,67,67,80,82,58,102,59,21,74,414,2813,6688,7273,7590,5802,2687,5404,4844,2049,685,667,190,365,422,65,227,222,158,208,193,852,871,225,443,208,427,426,183,248,421,323,493,863,493,276,90,198,516,560,410,357,199,126,129,318,470,328,143,338,114,34,73,131,325,415,282,318,192,122,72,116,197,180,137,152,83,50,88,136,281,230,168,231,64,143,75,115,217,232,209,238,194,90,63,98,196,215,113,85,67,79,36,91,123,136,97,104,129,94,49,57,55,84,94,75,98,72,24,79,154,150,204,67,22,13,45,100,167,143,70,68,26,75,55,65,73,32,55,52,58,79,43,73,173,78,111,168,84,112,74,96,134,111,131,38,90,82,60,76,105,94,119,115,35,92,63,156,173,168,146,126,86,60,80,57,39,92,124,104,91,84,28,41,22,91,28,35,44,32,53,106,229,70,42,85,59,114,54,50,145,63,91,77,93,29,43,95,288,51,46,13,37,83,55,112,141,145,31,84,58,71,19,109,194,35,112,92,63,96,42,94,80,49,85,187,60,60,19,65,40,57,86,81,78,34,27,93,172,101,35,116,36,30,30,59,103,54,86,70,10,39,12,52,107,37,75,94,72,62,33,262,151,74,63,53,45,55,36
76,4.671596,47698,7527,7380,7046,118,44,1079,270,66,45,69,78,38,36,58,27,47,44,41,38,93,125,168,128,146,30,90,73,156,251,188,115,83,124,157,97,95,66,92,79,80,55,41,32,34,202,144,104,9,4,38,63,42,178,116,78,40,81,99,96,124,208,187,108,77,80,77,30,27,88,86,114,39,38,61,19,39,86,79,87,79,79,57,58,45,35,95,145,155,53,108,93,70,185,131,43,36,146,132,39,28,66,44,81,25,38,89,61,38,100,15,15,36,101,35,26,3,67,79,148,231,27,64,48,54,233,239,134,175,83,22,9,23,283,159,96,111,13,17,45,84,64,67,76,116,151,124,43,36,130,93,104,64,41,145,30,69,197,207,178,231,57,59,48,39,99,48,63,110,76,71,53,8,138,209,168,115,92,84,81,23,137,57,128,89,28,18,34,44,110,147,115,63,64,55,59,277,126,154,127,129,62,26,6,69,164,183,73,163,106,117,68,41,129,115,39,33,24,59,30,11,46,119,71,79,108,73,29,43,143,153,148,197,15,64,24,59,161,188,89,99,11,18,76,45,89,22,52,81,85,12,54,120,192,103,23,49,39,50,6,63,111,86,101,51,21,24,66,54,99,83,56,70,62,54,45,37,49,53,82,175,57,64,30,40,38,50,94,167,39,28,24,70,104,71,41,136,52,13,9,32,80,133,76,161,78,72,81,99,170,185,118,5,72,180,70,68,193,219,181,54,21,269,96,169,159,88,115,75,56,27,34,77,249,266,176,246,70,36,45,70,105,28,13,79,57,74,15,19,61,21,50,82,98,42,81,22,34,69,115,146,64,89,30,56,46,103,86,30,55,135,86,83,156,192,112,7,29,110,14,62,129,118,62,142,258,96,78,55,248,199,126,52,8,64,34,73,74,26,36,27,63,86,39,100,137,73,113,190,50,23,45,71,115,105,106,26,59,16,45,75,90,107,106,23,19,44,19,112,128,82,102,123,27,34,4,41,13,74,85,85,23,20,49,8,65,7,49,126,70,15,26,41,75,63,13,69,38,21,28,52,47,133,73,62,89,53,9,32,20,18,51,175,153,139,97,43,83,43,73,64,12,45,80,54,48,90,70,108,67,67,41,68,125,8,67,57,27,63,25,21,200,207,117,102,46,138,85,38,153,149,281,54,53,105,41,95,189,175,77,61,10,51,65,90,106,54,58,41,141,99,62,105,304,265,83,85,149,158,81,32,48,41,25,101,14,116,26,74,80,26,65,108,39,67,37,55,44,61,63,206,97,59,20,36,82,95,53,12,30,95,54,100,45,80,144,233,26,68,17,33,66,62,43,96,77,54,22,90,205,80,48,45,96,43,28,68,107,103,76,33,45,32,41,40,159,21,38,91,71,29,45,49,22,78,109,102,60,65,54,32,123,155,64,23,76,56,41,92,178,91,101,224,66,37,27,78,17,87,40,47,14,18,32,34,155,200,116,128,33,98,44,66,157,173,59,101,49,55,19,48,53,36,59,121,45,55,5,36,104,97,32,63,62,72,38,8,28,30,33,28,47,54,26,148,171,45,58,53,87,65,40,24,114,93,98,94,74,48,56,20,34,53,84,84,58,31,44,85,149,62,36,94,58,51,59,99,142,215,137,85,16,46,45,62,110,109,54,125,114,49,42,46,206,222,62,86,130,95,71,35,41,25,20,80,91,46,51,52,75,86,308,2445,7059,7393,7541,6299,2249,4341,5909,2090,921,882,182,407,499,193,357,339,147,228,326,589,662,346,382,355,354,417,142,226,396,387,454,1054,480,419,166,202,482,562,396,370,256,223,118,349,585,425,182,414,214,83,34,66,332,462,265,288,156,166,121,139,257,382,260,196,139,41,50,133,261,250,162,193,105,67,46,89,252,313,236,316,162,125,79,80,162,145,134,99,143,100,54,132,131,103,55,105,160,127,69,53,99,147,101,68,132,67,45,95,111,174,152,24,35,54,44,89,193,146,132,73,68,81,66,77,96,28,55,73,98,112,48,50,159,141,99,203,23,140,84,99,116,185,71,41,89,80,35,49,90,83,177,188,61,76,64,119,198,171,108,86,104,39,58,53,54,46,50,99,61,134,27,16,22,71,59,35,61,37,76,94,189,162,71,78,141,74,73,10,110,136,74,142,53,56,50,59,90,93,41,24,37,132,91,64,125,104,25,90,93,48,25,49,136,140,141,71,32,75,30,74,103,147,96,224,86,118,35,31,21,26,89,115,107,133,33,23,195,197,92,93,41,41,25,84,107,69,66,83,60,36,30,33,95,39,31,128,90,84,56,46,131,96,36,104,59,89,28,51,113,89
77,4.72788,47632,7441,7557,7386,118,52,1270,274,26,32,6,9,31,78,68,103,87,59,27,76,133,120,54,95,31,69,88,202,307,116,49,23,57,145,48,34,84,69,23,43,49,101,41,87,209,176,23,218,31,50,33,114,115,94,39,96,59,62,60,133,261,189,75,64,52,37,40,13,111,146,50,154,55,17,11,35,150,68,53,43,86,93,32,67,94,121,103,153,54,53,99,138,120,76,42,102,156,59,59,67,185,103,67,40,26,69,50,21,28,69,51,127,44,41,26,74,114,8,61,168,55,89,37,136,245,183,123,89,19,44,48,43,171,24,57,29,8,43,17,63,32,31,51,108,92,134,90,5,96,135,14,125,75,78,21,58,200,206,115,216,45,74,43,79,105,142,66,23,30,54,37,15,151,168,113,56,75,77,24,51,127,124,33,141,157,49,77,106,105,65,22,92,30,88,89,156,315,59,57,121,63,30,60,109,133,67,37,146,103,77,62,121,156,39,28,75,40,91,31,34,42,74,68,75,111,81,25,24,138,169,35,173,109,58,85,79,163,85,31,61,6,27,43,34,33,43,32,122,48,33,29,175,233,93,41,28,86,28,40,40,75,169,59,65,45,109,64,43,112,65,26,118,27,59,16,38,98,26,43,117,23,7,73,118,163,46,109,156,36,55,25,21,117,50,31,103,50,53,41,39,19,64,45,102,53,109,39,106,148,141,78,36,46,140,21,84,192,77,101,71,25,13,264,117,75,57,72,122,63,120,11,100,259,198,122,132,68,68,2,57,113,48,54,65,17,42,36,45,49,6,36,82,39,53,38,57,109,91,28,91,79,51,9,48,102,70,66,87,66,98,60,42,178,170,63,92,26,53,47,66,128,73,54,130,105,72,62,8,216,77,100,187,20,35,27,33,29,52,86,105,33,43,25,108,238,126,122,186,54,20,30,87,151,62,44,135,33,13,54,101,37,173,85,66,14,30,27,57,84,51,44,56,65,82,45,49,88,125,83,44,69,46,51,41,88,75,33,9,2,79,47,21,82,124,78,165,87,53,42,67,58,131,86,19,104,67,46,38,48,98,77,74,102,81,25,28,76,87,21,89,147,128,68,47,75,41,64,167,54,65,37,36,78,44,39,89,29,92,40,54,258,222,77,141,89,93,29,81,200,208,65,264,30,87,68,129,144,98,2,56,64,78,51,88,81,43,38,27,125,101,60,77,329,146,111,113,150,126,10,36,94,69,35,71,44,34,22,86,84,20,31,30,85,41,66,74,73,6,69,160,15,11,24,45,46,70,24,163,84,66,77,98,75,64,51,199,24,39,46,18,68,197,60,177,80,41,9,105,151,66,90,17,47,79,53,11,114,128,33,45,54,29,8,26,74,64,42,81,62,58,23,34,37,38,13,61,86,125,73,119,104,208,42,129,35,16,64,114,125,38,24,118,78,48,46,101,156,272,39,135,74,67,57,60,151,130,90,11,29,65,50,59,94,199,73,54,47,58,17,34,62,52,46,211,61,75,71,184,159,38,27,98,18,5,29,99,114,35,26,58,62,43,38,93,164,140,41,77,122,162,43,30,160,35,14,109,74,68,64,36,41,58,98,194,33,37,55,38,42,117,37,115,38,52,74,202,162,49,41,84,33,44,85,71,142,42,76,207,38,69,115,233,257,109,56,36,141,82,85,32,133,97,53,135,131,148,91,87,57,60,342,2750,7393,7564,7447,6455,1541,3719,5156,1215,1024,712,138,799,1099,406,456,759,676,345,235,362,269,157,224,499,244,204,140,344,600,405,370,715,332,343,246,387,456,188,151,384,263,162,198,498,491,274,183,359,120,105,113,263,375,289,166,246,161,144,57,120,356,388,230,366,71,34,43,157,351,336,155,161,93,79,260,103,319,231,166,322,139,151,25,126,205,157,93,83,84,93,66,157,221,123,115,202,179,131,68,105,200,155,111,147,57,54,47,115,156,208,94,23,42,34,37,86,227,259,142,148,44,68,36,52,177,85,45,185,50,51,40,97,171,157,114,178,109,279,64,74,128,95,96,114,74,42,41,73,101,195,131,218,80,78,48,62,190,193,97,126,52,61,34,55,202,59,57,71,52,37,50,37,71,82,52,50,52,35,32,90,173,80,98,100,117,103,26,120,205,45,69,193,110,30,34,61,64,34,38,87,74,141,47,78,122,131,26,61,50,31,8,113,256,104,40,30,94,86,44,56,131,125,67,156,59,101,31,125,106,17,20,66,97,100,8,57,197,151,108,59,31,40,2,19,76,99,43,73,103,63,31,23,83,113,44,94,44,51,38,56,209,84,64,74,50,53,65,31,154,77,60
78,4.784164,47870,7197,7398,4007,118,40,989,31,152,98,33,80,93,59,21,58,76,22,98,160,31,31,24,87,99,96,49,206,71,61,105,163,284,126,87,26,144,132,42,22,91,32,67,105,94,80,40,128,178,161,37,235,55,86,47,105,91,50,45,121,46,35,60,177,282,115,12,94,39,22,38,18,116,91,50,183,55,79,38,26,73,27,47,84,71,142,15,47,78,67,81,108,100,102,79,64,93,69,27,182,105,52,16,116,282,85,50,38,19,80,38,13,52,56,55,83,36,11,9,84,111,53,53,120,95,154,29,132,122,112,58,13,105,5,34,37,79,114,76,41,15,42,21,68,35,2,66,123,74,96,48,73,109,128,22,84,53,33,33,65,128,156,102,126,100,66,31,55,59,73,28,108,48,52,35,71,123,116,49,119,91,127,30,65,80,78,66,76,140,57,8,71,139,64,35,171,28,87,46,130,168,11,119,62,7,9,12,64,98,106,96,154,130,126,36,140,209,72,110,21,40,71,31,27,27,30,64,26,122,64,15,50,96,127,58,91,110,74,50,114,135,106,84,97,47,48,48,34,32,32,21,198,23,51,37,131,239,98,29,264,41,52,89,104,131,68,94,112,129,156,24,86,128,91,35,103,25,89,50,21,50,24,115,78,62,11,92,120,153,46,135,127,25,40,11,25,90,58,29,108,43,60,15,26,73,12,25,225,99,119,63,147,219,85,63,22,127,157,35,93,184,64,39,106,25,35,27,131,40,71,38,190,69,114,88,171,255,152,106,112,70,71,66,46,62,60,95,51,48,102,38,27,29,41,78,140,79,98,31,53,70,21,55,122,79,50,18,103,140,24,101,109,55,47,41,52,111,135,44,151,30,87,51,82,81,269,66,46,101,90,32,48,111,46,49,179,40,17,40,36,57,98,77,139,32,62,13,79,148,73,150,238,81,37,29,65,125,116,97,96,16,16,53,105,104,94,21,81,37,100,46,35,25,52,9,41,27,65,76,29,43,57,49,28,62,46,7,19,260,44,14,12,91,64,57,93,43,102,116,86,23,6,53,25,33,104,46,46,67,106,23,22,87,68,56,76,102,138,19,57,105,89,28,112,66,27,22,56,43,70,80,115,74,71,22,43,40,52,46,57,40,67,35,39,126,149,46,45,158,183,42,262,92,120,53,172,56,60,19,108,158,86,55,137,83,77,33,60,44,42,54,48,198,153,135,152,207,88,111,139,176,162,74,33,51,29,69,102,46,64,5,108,127,45,5,3,72,23,15,48,144,42,39,136,9,40,10,36,50,37,80,106,49,13,43,65,76,80,79,140,4,45,51,79,187,199,66,68,26,66,29,106,93,46,51,59,128,90,49,110,199,100,64,82,30,29,87,38,83,45,65,67,39,7,20,4,25,14,31,52,76,65,13,80,65,121,40,179,81,62,66,118,84,6,15,94,45,257,38,115,75,115,52,110,127,113,37,76,73,55,61,60,5,36,50,99,123,134,39,65,65,15,6,32,107,88,110,264,19,54,52,106,97,53,43,114,56,57,29,89,100,71,78,138,19,47,33,88,158,69,77,83,119,134,36,23,47,20,52,124,68,80,65,37,45,65,71,126,15,33,42,95,76,67,34,173,62,66,8,179,108,78,96,75,38,80,55,50,73,25,46,306,58,58,74,220,204,102,118,85,193,126,41,26,179,114,97,125,136,101,70,66,85,34,534,4025,7416,7215,7556,6337,1042,5281,5091,1130,1242,696,106,697,790,291,577,766,592,248,160,334,207,64,97,531,417,244,184,462,658,347,259,627,229,200,125,409,444,219,195,381,263,192,215,416,432,277,286,426,86,132,134,307,336,200,135,297,146,127,61,208,340,297,241,422,91,84,45,170,263,271,117,259,102,82,48,161,304,186,236,432,188,138,29,150,199,129,151,133,112,58,29,150,251,77,130,310,140,96,67,160,272,155,102,167,45,101,66,151,111,203,92,51,41,19,44,86,102,140,108,138,93,87,44,66,166,96,46,291,94,95,46,122,166,67,158,139,100,98,36,77,96,114,134,188,40,9,31,107,61,132,109,97,87,127,79,95,77,110,141,167,100,106,48,39,145,76,87,32,119,61,73,6,59,60,23,155,117,34,69,132,184,62,19,182,197,176,30,91,123,45,147,171,148,104,58,103,267,68,73,90,90,129,36,50,97,117,33,157,60,62,12,113,214,74,115,34,104,72,37,16,41,13,56,115,61,32,53,155,191,80,19,32,66,88,32,80,139,117,56,72,7,60,13,65,179,95,40,110,79,97,16,10,52,77,47,28,142,70,34,0,91,23,90,161,33,15,41
79,4.671596,47890,7323,7030,6775,118,48,1120,24,64,65,33,142,35,52,26,20,61,31,15,27,58,24,21,34,191,164,98,101,132,47,74,123,269,225,50,87,52,183,146,44,106,84,83,102,21,112,88,60,197,119,106,61,46,79,65,56,147,88,59,27,113,113,107,122,285,183,82,48,47,37,41,39,90,40,113,56,57,71,42,50,114,53,82,133,57,101,42,98,108,59,113,152,48,75,86,95,202,98,34,54,128,67,21,79,150,173,55,109,66,27,58,29,14,45,44,31,17,13,26,47,134,137,92,166,57,96,40,111,300,214,96,59,48,269,77,30,111,64,154,107,31,50,51,30,86,45,10,57,115,132,78,23,210,82,45,40,32,67,12,101,221,164,155,228,28,83,69,27,139,28,89,127,36,96,91,17,163,239,163,147,91,121,48,65,163,42,102,141,71,47,43,21,80,87,28,34,47,69,69,86,86,22,78,123,32,6,8,38,65,95,93,134,135,114,45,88,173,192,81,115,12,77,66,14,65,104,87,70,117,88,49,43,185,126,127,259,30,122,25,69,137,102,45,108,48,57,19,24,69,17,48,85,88,47,22,148,204,135,50,267,84,72,89,16,46,4,34,31,34,88,85,45,74,66,50,77,56,78,18,30,102,22,70,193,49,36,20,94,120,87,105,194,23,23,21,44,125,45,33,79,39,79,48,23,84,77,56,64,92,111,76,82,173,196,52,19,70,159,73,103,231,123,278,114,50,36,30,112,171,114,65,93,61,101,56,111,303,288,155,163,39,39,12,31,132,50,36,84,8,46,32,45,39,22,32,45,81,61,55,62,160,49,96,161,64,98,23,16,116,94,23,96,28,71,95,98,156,174,122,28,45,42,18,45,117,266,61,141,6,116,101,32,220,219,173,155,20,44,35,38,57,60,69,37,74,58,79,70,168,57,102,201,110,97,49,59,192,108,69,64,68,41,50,92,150,56,86,16,77,28,59,44,80,58,42,78,19,12,31,36,17,58,67,53,22,40,9,23,258,28,28,64,85,75,68,42,45,120,11,76,84,42,11,23,84,107,124,52,31,28,4,16,19,16,73,111,78,106,79,45,138,32,28,70,40,70,7,22,35,51,70,98,31,44,42,46,114,62,36,89,6,73,36,24,155,105,129,89,137,148,122,263,204,147,106,77,52,126,11,58,127,170,102,63,51,60,49,36,47,18,44,106,149,171,129,114,319,255,109,133,139,167,96,29,121,120,60,115,34,36,56,42,48,72,39,40,43,7,12,28,46,50,51,133,54,29,36,17,62,51,46,46,66,88,261,21,18,60,64,156,46,34,27,31,111,83,23,77,39,44,41,75,169,27,50,75,59,83,69,53,173,150,32,14,38,43,44,65,119,43,34,93,24,53,56,54,82,59,81,39,49,66,61,107,210,107,158,72,63,85,59,97,200,104,87,168,34,265,11,124,250,96,29,83,39,74,49,67,202,171,128,191,36,47,49,87,200,103,41,56,41,26,7,16,50,52,55,101,11,25,39,94,187,46,69,103,92,39,5,19,89,71,48,59,52,28,25,96,239,149,101,183,26,138,93,19,132,61,65,137,43,98,100,46,72,75,55,54,26,46,43,53,89,50,33,76,19,47,31,140,160,30,89,114,83,22,53,58,100,119,79,96,93,32,50,165,292,224,37,122,154,151,136,29,109,83,55,124,132,159,102,92,43,80,184,2291,6796,7053,7346,6506,3892,2654,5992,2478,648,1015,220,619,1217,322,397,1056,636,495,236,245,359,129,111,291,244,296,195,371,778,604,312,482,245,214,162,306,606,354,139,219,216,170,173,312,515,377,235,320,162,101,102,213,423,297,156,210,155,97,41,115,408,424,241,234,139,105,46,108,349,365,225,190,111,72,76,113,309,277,182,226,180,186,110,93,207,200,122,135,118,71,36,84,148,98,57,173,225,139,81,83,156,172,101,205,51,30,37,100,258,140,100,79,10,13,25,141,205,103,92,78,87,53,49,50,115,78,35,99,108,84,42,65,125,181,136,203,78,97,87,48,98,175,117,101,88,34,25,110,200,95,128,190,44,95,79,52,128,107,105,90,79,110,84,69,70,54,66,54,34,49,20,15,58,39,66,78,87,66,61,78,182,196,103,89,139,88,99,48,148,144,92,129,104,37,34,78,146,147,46,17,31,117,64,66,123,138,36,32,77,67,27,40,164,125,55,147,151,99,87,58,156,53,40,181,109,89,39,104,163,73,36,43,69,61,33,63,188,148,105,80,43,11,4,24,35,76,34,22,98,21,24,7,63,15,4,140,66,101,78,6,72,58,83,107,36,41,51
80,4.690357,47706,7474,7523,6629,118,44,1078,39,164,86,40,55,53,70,33,14,73,68,29,30,29,187,120,125,112,153,61,71,113,321,220,44,82,91,179,109,31,168,110,78,75,50,139,88,77,175,154,101,36,70,105,75,86,198,67,70,37,110,89,85,126,254,149,66,4,77,19,48,56,42,4,91,48,87,60,19,40,141,86,57,107,86,85,72,43,148,59,157,173,36,78,41,94,173,114,58,68,149,79,32,46,203,169,54,92,84,18,46,33,86,86,67,57,66,27,23,35,97,99,82,120,85,116,69,103,255,126,139,78,66,65,43,40,256,67,127,93,22,63,33,22,58,21,36,52,114,94,71,34,213,61,37,51,46,59,32,47,230,142,186,275,66,133,82,29,115,50,60,96,75,68,55,10,144,200,169,141,116,118,28,52,176,40,79,133,44,47,36,58,140,79,45,37,69,89,69,276,174,63,54,111,6,29,29,72,114,88,57,109,180,100,44,66,183,148,82,128,18,57,43,8,53,81,70,43,88,100,73,40,254,100,150,245,85,71,3,82,132,124,60,123,48,53,22,28,49,9,19,78,84,15,9,122,257,108,15,111,122,30,26,56,43,39,30,51,62,80,59,48,93,46,34,71,57,61,77,24,85,16,47,216,78,22,30,80,184,101,50,221,41,64,38,30,72,13,45,64,78,46,49,21,84,106,74,63,118,98,85,90,199,199,81,10,43,147,71,91,252,148,138,102,71,3,26,92,219,111,115,37,127,124,93,74,263,215,179,153,49,71,34,15,82,17,51,72,20,51,40,68,42,2,35,102,71,127,74,43,126,77,105,160,83,77,37,66,109,78,23,121,34,80,71,68,161,115,157,51,109,30,39,84,105,70,67,151,41,125,102,28,204,169,207,217,6,56,34,32,51,35,8,40,35,39,44,53,135,57,117,196,100,55,51,65,201,69,69,69,81,68,48,67,148,63,50,55,62,21,30,37,97,13,36,12,32,50,48,20,41,21,59,89,32,68,15,11,66,3,10,82,91,76,73,42,92,123,50,66,80,50,21,35,83,108,91,52,35,54,19,18,63,13,31,138,99,71,58,45,136,60,54,123,105,111,75,9,62,57,67,59,10,50,44,35,116,94,93,60,32,37,18,24,148,85,102,65,92,123,75,40,203,77,279,153,106,81,23,50,173,148,101,58,83,89,51,57,44,32,24,73,88,134,75,61,252,169,175,155,162,192,116,26,69,65,68,112,74,63,70,32,71,24,46,56,40,19,9,19,26,51,25,69,89,35,47,2,52,40,60,55,79,55,41,63,46,68,92,168,51,13,14,27,83,86,69,89,55,19,42,47,192,47,28,58,80,111,69,48,122,126,50,50,33,73,46,27,121,27,43,126,19,93,65,70,58,53,69,26,43,75,41,114,209,101,135,91,82,87,59,88,183,79,49,69,65,48,13,111,127,147,98,9,74,45,47,56,161,171,136,246,31,51,32,48,181,133,123,16,48,31,11,26,47,61,39,64,93,19,37,80,189,8,57,93,92,35,18,46,129,46,60,89,75,75,49,98,299,132,131,201,69,152,107,31,103,39,105,176,49,117,54,13,66,56,48,99,132,58,19,47,69,30,76,104,58,91,36,131,200,5,73,89,69,24,44,49,93,105,106,72,200,103,60,132,268,172,98,142,138,113,74,17,126,64,46,102,106,145,143,106,94,53,133,1716,6643,7536,7488,7175,4396,2302,6020,3042,670,884,328,430,1091,340,418,1133,609,454,246,249,414,69,88,265,275,292,206,350,750,545,387,511,354,240,121,296,614,303,182,227,293,170,150,267,540,282,255,249,201,51,20,238,432,246,133,204,260,98,31,118,410,323,289,213,161,116,55,66,311,300,240,210,159,87,109,44,283,271,217,230,222,210,116,26,183,150,116,111,116,107,46,85,137,148,52,172,224,113,74,51,158,170,80,142,93,8,53,114,258,127,185,141,30,21,19,75,238,90,122,80,102,71,36,37,82,56,23,61,169,91,63,68,184,157,132,235,281,124,62,37,87,103,98,104,55,76,33,91,288,81,166,213,25,103,59,17,118,70,111,104,134,114,57,28,111,92,53,89,53,29,26,8,77,24,52,74,145,39,34,123,162,172,84,40,168,133,99,18,150,124,89,116,147,90,38,72,161,139,47,19,35,162,108,67,151,126,78,16,87,69,60,39,177,126,67,138,104,105,62,45,152,43,99,167,79,100,53,103,147,89,19,32,94,105,49,31,193,114,141,80,42,18,28,12,13,70,36,12,122,12,19,13,80,16,6,123,95,123,67,28,99,79,273,64,71,61,53,45,106,88
81,4.652834,48090,7260,7511,6806,118,36,892,272,41,58,41,66,55,44,118,45,28,46,39,58,13,46,40,33,25,32,48,186,150,53,66,131,45,47,137,262,137,34,51,49,150,53,30,128,109,67,85,44,137,54,57,123,111,55,85,88,48,48,85,193,52,74,98,101,119,72,85,338,193,117,63,45,30,34,52,76,114,139,4,110,24,17,19,28,83,45,108,86,72,47,56,124,168,134,124,54,66,67,112,157,147,75,109,224,85,60,19,107,163,106,64,60,64,61,42,27,44,69,133,84,36,36,39,135,36,51,125,100,154,43,128,292,121,68,80,6,30,37,13,164,117,129,83,29,79,35,8,87,9,30,92,159,112,100,44,83,112,46,51,43,35,23,41,192,168,148,170,10,100,31,35,132,82,38,61,141,81,59,26,162,145,108,88,134,100,38,23,68,22,50,101,91,52,32,49,116,111,44,68,12,87,88,94,120,36,84,92,43,46,14,36,107,100,73,60,140,80,72,57,254,133,64,93,16,81,35,38,110,86,28,29,105,78,44,24,146,89,59,148,67,53,27,85,142,97,36,71,31,35,18,4,97,52,88,105,159,35,12,93,209,89,26,84,86,56,72,49,72,147,77,50,45,84,69,17,126,65,57,53,44,61,27,21,99,34,63,160,87,56,35,63,128,80,99,168,54,66,51,28,48,66,17,45,111,52,29,33,77,5,47,60,152,106,52,84,257,207,62,70,17,164,4,40,149,101,46,99,61,75,20,88,236,169,85,111,176,128,24,68,291,176,107,130,53,60,26,37,93,28,2,53,37,36,13,81,35,2,30,83,101,65,63,21,102,71,47,88,63,93,31,65,167,67,62,150,34,96,47,49,142,121,113,31,125,79,20,57,139,48,32,106,44,149,87,28,177,95,91,136,36,88,55,51,71,36,70,46,71,21,50,36,120,16,92,187,121,33,73,67,168,60,45,88,43,79,63,44,157,182,80,58,73,34,33,57,71,39,38,34,44,65,70,36,21,57,64,99,31,257,30,34,60,34,67,84,59,82,38,21,66,62,12,70,73,61,26,36,55,98,94,59,76,56,13,30,18,71,60,153,109,88,51,20,105,38,14,108,67,146,74,28,91,63,66,150,29,33,71,11,89,59,53,58,35,59,25,17,119,147,120,44,106,120,63,33,172,126,91,117,136,108,8,57,198,95,61,39,81,56,32,37,91,35,16,27,139,135,105,110,283,140,65,137,149,224,93,18,142,59,40,113,29,106,44,45,51,43,30,34,104,23,12,22,61,99,63,93,45,16,8,34,88,116,37,274,44,67,42,23,17,60,30,139,20,45,24,55,163,192,74,136,37,19,28,33,186,18,52,58,64,83,44,35,167,172,50,11,28,51,9,42,73,55,44,115,89,52,16,34,58,30,17,65,128,64,40,88,191,135,92,67,99,76,50,148,186,26,260,99,151,34,56,96,239,122,39,74,113,46,74,36,169,91,109,134,78,54,60,33,148,123,66,106,89,64,16,24,40,41,43,70,102,38,34,100,221,12,47,62,66,48,8,60,160,84,9,44,95,53,33,53,179,120,44,169,8,147,45,28,52,262,85,138,45,81,41,47,106,64,101,166,50,30,32,52,91,55,62,44,59,50,32,135,262,73,106,122,82,62,76,55,70,76,86,46,214,62,65,138,309,129,61,73,169,119,146,86,88,79,58,71,166,159,124,110,82,35,77,1524,6824,7529,7278,7218,5167,1669,5818,2890,725,1210,288,410,1042,238,301,816,603,458,254,185,310,69,55,241,410,258,167,324,806,353,197,509,305,247,110,276,635,331,141,209,269,171,103,278,493,242,180,232,245,130,88,242,435,235,105,132,217,124,30,76,360,342,188,209,224,60,26,268,432,332,191,160,211,86,24,65,340,206,186,250,255,195,49,28,210,83,114,122,115,99,24,78,113,139,85,209,265,120,74,48,187,122,114,171,72,37,36,77,232,127,115,68,35,16,42,47,211,135,108,109,91,81,55,27,96,50,4,66,188,74,15,78,215,131,92,151,101,93,44,24,147,75,98,81,50,70,46,38,151,107,87,154,36,83,52,24,88,39,132,98,112,80,37,32,73,38,43,31,29,14,15,27,29,47,68,71,173,21,67,140,295,199,80,77,136,140,42,72,155,87,79,146,135,8,82,87,166,98,22,67,44,156,86,82,117,71,32,73,38,33,48,28,102,126,80,95,136,60,114,57,123,75,43,137,115,143,56,120,200,89,35,66,82,94,50,25,167,131,100,52,61,30,13,9,28,117,47,52,73,63,16,29,35,28,47,125,54,54,31,18,100,38,61,74
82,4.709118,48014,7181,7512,7534,118,44,1084,257,46,76,113,39,59,72,44,22,13,26,55,14,41,74,39,23,64,73,145,132,113,106,68,29,80,139,275,132,117,23,72,174,75,10,78,47,73,84,42,129,22,90,211,173,53,147,27,91,32,109,158,97,73,65,97,44,57,138,298,193,46,16,260,45,43,47,62,143,28,161,99,90,16,54,125,69,56,92,26,82,29,8,107,122,91,175,90,79,81,115,135,86,22,111,146,57,6,97,118,121,71,50,22,69,49,84,67,36,27,93,53,15,13,37,85,36,59,147,24,122,52,78,270,141,96,280,69,55,42,15,155,142,65,67,6,42,3,68,68,18,47,121,110,109,41,35,142,183,14,90,54,24,37,69,207,223,114,199,69,84,44,75,61,94,39,40,26,37,35,34,126,156,91,134,67,82,22,77,154,92,23,93,66,30,24,82,142,98,262,70,39,109,23,73,107,107,104,79,13,9,59,75,183,120,102,157,108,85,26,105,216,105,123,64,30,69,5,5,37,78,47,26,120,77,22,64,171,142,69,234,79,58,47,84,192,113,65,59,28,69,25,46,79,37,16,128,43,25,44,139,226,261,64,61,40,47,78,74,32,151,44,70,27,143,63,75,121,86,19,54,46,110,29,15,99,54,102,210,87,23,38,114,96,69,140,195,16,37,6,39,43,96,6,59,58,62,51,19,97,32,44,63,45,86,67,158,185,112,45,27,23,144,47,105,190,72,54,89,21,54,45,122,119,85,75,100,31,86,49,112,289,201,105,104,32,68,49,38,31,17,95,108,38,79,33,21,15,27,81,113,82,93,87,29,49,54,61,123,59,22,38,35,109,65,63,107,12,40,52,54,124,127,72,84,38,65,66,266,150,102,31,133,49,120,70,35,181,101,65,128,53,48,38,35,36,29,35,111,50,24,17,61,162,68,139,207,45,61,49,111,184,48,69,149,13,20,30,110,83,170,45,59,34,58,53,44,66,5,5,69,33,59,23,47,112,97,36,61,52,44,261,48,88,18,43,99,75,78,41,31,49,52,36,136,55,10,62,40,47,121,54,42,38,54,29,32,37,40,52,107,75,113,42,51,128,71,30,31,85,102,52,51,27,91,62,121,37,40,47,35,80,83,56,35,19,102,43,25,175,171,37,87,124,116,84,38,156,120,68,143,73,87,30,90,133,118,82,28,73,91,50,63,58,26,57,60,154,130,127,92,277,97,103,165,158,140,89,20,46,44,57,82,59,99,12,83,94,43,13,25,41,47,5,40,89,36,34,153,34,24,24,7,72,42,16,161,273,20,37,82,63,71,51,173,5,33,53,72,122,224,58,142,66,7,27,92,171,39,65,54,35,83,51,56,137,150,40,17,26,19,34,51,68,32,68,60,16,28,36,55,60,43,44,85,70,102,45,41,175,172,64,119,3,68,87,154,195,26,28,286,91,8,68,98,209,130,17,75,72,87,59,86,122,113,73,127,37,11,53,68,202,172,62,98,31,47,5,21,97,97,103,212,60,41,40,117,231,82,53,87,51,31,19,38,73,98,44,79,16,28,65,54,178,103,74,92,55,140,39,19,33,33,29,103,91,101,94,78,20,25,55,157,67,0,33,83,82,101,79,105,60,102,18,139,220,51,91,78,58,33,53,50,80,41,60,211,91,82,44,173,258,152,86,93,142,109,126,60,48,59,107,144,146,180,132,102,74,49,272,2896,7532,7510,7171,6581,2051,3744,5428,1641,1089,978,113,484,792,166,551,876,580,362,270,378,394,136,162,425,294,297,207,415,713,339,224,557,215,237,155,384,632,335,120,346,265,227,164,347,635,359,271,332,128,119,76,254,486,302,138,270,189,135,46,132,402,378,191,342,139,105,44,159,296,349,162,186,106,97,71,157,354,296,183,345,172,162,36,116,243,137,98,166,127,93,42,110,177,137,144,188,181,161,88,105,192,177,112,190,59,52,49,106,132,214,122,18,25,39,61,80,172,192,123,123,65,90,52,65,161,23,54,164,96,49,63,11,185,156,134,201,63,125,60,28,106,128,128,136,48,12,33,87,129,157,112,202,55,93,51,50,168,153,157,137,93,88,55,42,97,106,98,11,50,71,55,66,58,89,40,61,5,39,59,119,182,103,46,92,160,164,66,48,137,95,113,199,126,87,276,106,68,22,46,64,60,184,74,71,62,105,41,94,71,54,45,37,136,125,85,20,127,42,51,47,75,48,56,149,25,74,31,126,131,51,19,43,127,81,10,55,122,160,79,77,27,50,12,15,79,143,38,73,72,75,28,45,57,80,47,109,116,37,49,31,144,25,64,108,60
83,4.746641,47742,7532,7759,4281,118,44,1124,18,84,96,47,9,22,26,39,14,22,111,37,29,66,136,129,90,97,195,29,17,106,283,301,62,63,21,67,118,42,24,77,31,32,12,64,81,29,98,130,120,43,211,65,62,81,118,73,61,81,128,63,55,52,196,202,155,23,42,45,16,27,28,93,149,22,149,57,26,20,73,84,37,34,98,69,97,31,70,56,122,121,90,68,60,64,116,73,98,69,176,154,52,21,86,202,129,52,22,59,68,18,40,37,11,83,148,23,14,8,61,64,39,74,134,118,110,19,161,149,126,57,10,26,53,9,13,129,98,50,75,27,44,41,56,25,56,71,152,116,79,48,15,70,115,41,105,62,51,16,53,129,193,181,154,44,35,19,35,48,59,23,75,104,105,45,68,154,186,116,160,39,50,48,10,22,85,95,73,44,35,34,116,146,75,18,152,50,71,94,140,142,102,66,46,19,8,78,131,34,78,84,184,67,40,53,204,194,37,49,29,60,63,13,58,48,51,43,81,117,42,26,28,89,137,78,102,76,44,69,117,120,111,24,76,12,3,10,31,17,43,87,239,86,58,55,204,145,54,89,29,3,257,43,56,99,154,44,80,33,116,64,94,93,81,60,175,35,50,9,69,41,54,88,71,23,23,79,129,114,96,163,134,10,13,11,16,47,76,24,122,50,30,30,59,32,32,46,149,51,60,72,176,212,137,62,56,87,95,34,62,134,44,57,117,28,17,36,114,16,106,68,159,78,91,64,218,245,131,89,71,21,3,31,65,54,28,64,26,7,40,33,19,46,30,80,157,62,17,16,42,36,64,60,119,84,60,21,89,104,131,105,72,18,40,19,44,80,106,22,126,88,57,45,83,108,64,85,276,75,83,54,43,120,90,60,116,47,21,32,94,69,100,59,103,34,20,45,66,92,25,134,196,46,58,47,55,72,48,19,150,84,39,31,111,101,181,86,34,21,39,17,50,48,55,25,74,64,57,39,40,48,68,86,64,44,37,41,48,120,76,260,63,15,33,61,46,87,63,73,112,41,11,45,61,48,107,82,48,65,58,18,41,86,66,72,100,74,79,30,39,41,67,50,74,83,84,74,50,65,55,58,75,40,63,65,28,17,34,65,57,46,66,18,26,90,99,54,65,79,71,4,49,114,104,54,136,66,46,54,150,155,96,35,121,38,46,19,92,56,47,11,47,116,116,57,180,206,95,72,129,190,118,38,22,70,62,114,36,32,64,29,120,101,34,40,52,38,32,23,61,142,2,82,128,31,25,8,81,83,42,45,106,45,46,75,87,23,27,53,150,24,23,68,100,176,186,69,163,70,45,21,80,69,50,81,53,35,68,14,80,195,117,33,83,27,29,38,44,9,56,85,70,14,22,16,31,17,39,56,102,63,56,37,46,97,131,7,156,32,36,58,158,71,35,46,150,77,33,33,278,59,84,56,142,55,76,47,58,123,147,56,24,37,32,40,50,59,81,46,41,31,7,18,20,71,82,93,273,25,40,54,159,67,103,17,124,33,52,30,62,25,62,30,101,41,44,14,107,105,48,58,64,99,99,35,37,6,97,67,86,41,48,256,79,55,32,70,94,13,35,84,64,57,99,52,203,37,33,110,238,91,109,64,80,41,70,74,63,79,115,40,281,32,67,111,196,140,94,67,103,155,84,77,33,127,76,106,163,156,148,93,118,90,13,723,4282,7761,7534,7557,6087,1060,4982,4550,1160,971,510,105,594,342,352,690,581,334,261,280,454,308,170,298,583,244,191,253,600,592,329,359,599,193,167,238,478,347,237,183,406,199,147,200,492,297,248,235,373,94,112,208,399,307,231,149,273,107,77,31,145,302,291,191,346,99,91,57,187,247,248,142,201,260,44,55,170,220,186,194,394,92,97,66,129,125,144,144,141,79,50,81,172,178,122,140,316,145,94,55,108,178,182,122,72,42,67,64,84,86,162,64,55,37,37,57,70,94,154,141,136,42,58,10,53,172,72,76,236,66,51,49,151,161,118,111,298,54,59,40,103,124,62,75,103,58,30,66,78,109,131,150,97,73,90,76,90,62,108,39,177,70,77,57,57,92,89,62,53,20,16,36,42,43,100,82,156,50,26,110,203,161,87,39,219,112,70,36,82,79,77,137,178,69,41,45,116,75,34,260,97,138,124,9,22,26,36,25,154,36,16,44,127,227,107,93,65,83,54,79,45,36,77,61,155,37,71,63,177,134,34,51,90,107,76,44,63,156,128,97,64,27,29,20,8,114,121,51,47,70,60,50,63,7,34,51,59,78,34,4,31,67,260,45,187,91,74,62,38,26
84,4.746641,47879,7382,7560,7459,118,48,1171,66,76,14,68,67,74,47,31,62,60,38,62,112,79,52,51,103,169,119,99,133,53,64,77,228,339,98,57,44,82,111,62,31,49,39,11,69,53,105,44,142,215,172,45,160,52,84,64,106,87,117,92,35,58,75,86,172,261,133,65,40,38,13,263,45,100,116,112,199,73,49,56,74,85,41,27,114,38,98,37,90,80,112,157,95,89,14,56,74,122,77,61,111,182,69,40,34,139,89,98,54,33,104,41,25,35,52,74,122,34,23,17,5,84,23,76,151,113,170,19,147,236,160,85,33,36,269,62,87,179,88,62,26,19,25,60,103,82,25,34,138,169,114,74,55,78,126,37,110,53,22,32,62,188,178,145,167,57,76,50,46,67,81,33,43,93,105,87,45,139,156,104,143,87,93,75,58,107,95,47,85,88,50,21,125,156,62,12,104,269,100,78,134,147,45,70,92,31,34,41,95,130,91,83,137,86,58,25,153,216,99,97,16,63,73,57,36,45,74,12,83,134,65,26,94,134,126,110,153,65,89,39,124,174,127,74,41,61,66,36,26,50,41,72,108,86,67,8,149,196,56,70,73,18,21,26,58,46,109,78,75,18,113,53,141,135,74,21,85,48,97,27,30,76,54,85,91,55,28,89,106,108,54,100,161,6,18,21,10,47,89,29,113,55,65,40,13,50,17,73,63,46,121,26,143,191,122,71,75,60,140,17,104,156,65,50,71,43,16,26,56,54,126,119,99,45,108,18,154,255,176,128,119,8,13,41,23,86,50,44,44,19,91,11,48,75,37,57,90,49,22,14,101,105,66,87,56,137,88,62,49,77,95,143,105,15,42,42,45,182,137,70,102,52,107,44,82,139,29,94,146,107,119,72,95,180,86,98,110,15,27,17,53,75,101,90,98,50,24,32,105,146,76,143,179,24,45,60,95,110,39,55,155,75,80,80,116,147,187,88,38,34,42,3,58,24,53,85,80,79,109,77,79,101,66,91,93,48,61,42,32,28,4,18,33,35,37,13,47,92,120,74,155,76,65,73,97,112,114,84,54,68,100,47,6,37,31,109,149,120,122,55,67,68,51,49,48,79,105,105,56,2,44,80,98,58,35,54,27,67,20,86,68,23,97,32,71,224,198,90,129,108,65,33,9,172,134,66,40,31,61,41,146,194,115,46,35,55,60,23,38,22,12,47,67,129,118,82,158,246,105,91,130,162,138,51,35,69,22,55,68,17,43,18,107,119,11,50,46,74,8,40,86,106,54,106,179,2,41,37,24,38,17,44,126,59,81,73,116,69,35,54,150,14,37,62,95,107,162,31,120,72,51,51,15,102,49,73,40,28,63,42,71,141,98,8,29,83,75,42,60,38,51,111,68,11,39,25,11,39,23,30,23,77,67,40,24,109,106,53,114,20,48,5,124,142,21,20,103,115,11,43,105,154,108,42,87,32,74,66,56,137,105,78,11,51,62,75,72,155,137,64,80,25,23,39,31,105,77,104,226,32,66,67,172,184,78,26,89,40,60,33,88,132,81,55,47,109,95,48,93,146,91,103,120,74,125,62,17,67,49,63,72,270,86,82,12,31,39,88,99,21,31,59,63,72,35,54,171,57,66,51,178,154,82,61,83,22,46,76,62,59,49,33,259,42,59,77,243,299,169,110,61,128,74,57,9,132,84,108,150,141,70,38,63,53,12,486,3544,7447,7549,7370,6616,1379,4507,4727,1265,1090,728,84,427,519,197,670,599,494,262,266,446,391,119,223,458,251,215,235,553,720,333,378,603,194,244,178,436,520,328,150,397,198,180,193,480,581,320,269,390,78,102,106,326,420,236,120,240,152,172,68,261,410,320,256,350,98,77,41,202,382,338,282,148,100,92,83,201,347,219,233,378,146,141,53,129,224,161,135,122,110,65,50,110,191,122,115,212,202,121,88,143,201,150,140,107,84,97,46,97,142,194,126,15,49,79,57,111,143,147,149,149,62,96,42,80,118,94,37,152,75,30,31,120,180,274,127,178,77,102,64,113,152,88,92,96,115,35,36,79,104,138,179,204,106,125,74,81,160,113,133,161,72,72,39,88,144,36,71,29,38,53,77,27,55,72,101,85,76,56,18,147,152,118,74,121,136,99,36,78,147,96,143,196,62,39,34,78,80,34,47,23,73,149,45,36,69,64,19,45,47,6,10,77,164,79,69,66,85,56,66,78,104,30,88,118,40,61,53,70,110,87,45,83,135,82,32,71,161,138,70,75,31,41,35,34,85,159,53,67,52,90,23,69,112,66,109,67,75,78,57,36,129,29,62,89,95,72,86
85,4.802926,47982,7527,7238,4934,124,28,673,9,42,26,25,23,135,114,48,20,42,62,66,44,21,128,18,20,48,171,168,117,104,141,67,88,77,220,239,71,34,59,89,105,40,71,33,37,86,23,60,107,21,104,33,92,130,56,49,98,82,47,75,51,39,10,72,99,77,120,90,76,21,63,0,63,48,19,12,45,87,115,80,43,6,72,29,21,20,150,58,39,83,121,21,113,120,43,52,64,63,68,83,63,11,127,130,91,15,78,66,98,112,69,28,33,17,60,68,30,57,59,47,41,19,57,36,22,115,60,99,96,36,134,117,119,64,12,33,70,67,97,75,28,56,34,25,24,70,91,19,44,49,108,119,100,14,49,77,59,58,19,63,71,55,140,89,85,192,98,68,68,8,30,19,16,64,42,111,131,49,31,65,117,252,123,51,113,61,69,85,158,65,59,23,70,60,91,63,38,25,160,57,97,154,137,92,92,77,28,8,25,48,52,28,99,124,122,79,49,38,97,124,125,80,28,33,72,41,66,86,39,17,61,94,39,46,102,48,89,195,100,41,54,49,152,122,62,81,49,45,76,31,27,58,81,88,141,107,37,73,125,35,31,46,13,30,41,37,9,64,73,72,55,15,103,54,116,110,48,83,123,58,31,14,16,39,90,68,43,80,100,62,107,115,47,130,53,36,41,28,40,37,33,46,144,32,15,28,57,104,89,48,56,72,49,26,138,167,104,11,55,75,97,25,131,53,83,98,81,70,26,57,114,72,147,98,192,46,113,45,175,139,85,167,80,34,51,49,55,30,44,50,15,19,40,10,26,38,63,93,74,65,41,7,101,81,90,71,80,82,19,9,13,39,85,62,54,42,69,56,105,132,58,56,38,77,74,62,274,67,137,119,57,79,92,68,159,191,131,131,39,42,31,29,21,30,57,42,122,52,47,49,69,40,18,123,50,66,32,42,33,74,68,62,103,32,32,73,147,54,61,25,39,46,44,32,57,22,55,66,97,15,78,92,53,12,97,120,74,38,50,21,47,28,14,60,73,23,59,12,7,104,67,41,38,99,43,30,60,95,136,35,50,60,12,24,94,4,15,76,83,111,71,68,73,24,87,121,52,23,94,94,43,48,36,25,64,22,39,44,29,26,86,98,43,97,89,19,42,78,113,25,64,76,266,23,41,65,67,26,111,39,35,68,134,133,85,44,69,30,59,24,109,30,70,62,51,126,84,63,148,120,74,67,127,85,36,37,34,171,62,114,61,19,57,46,90,110,57,79,72,64,28,67,48,27,37,110,60,33,49,48,54,19,35,79,62,10,48,51,87,27,33,45,39,49,32,58,64,57,49,14,72,102,58,20,31,23,114,68,39,94,77,21,78,80,30,17,86,16,39,38,48,34,92,36,54,57,9,8,31,28,36,24,75,22,23,12,85,26,100,98,82,39,61,41,156,97,18,100,53,40,48,24,110,16,64,96,114,28,58,31,124,134,73,131,48,75,34,62,45,15,48,64,7,6,19,24,31,40,37,87,124,4,32,70,146,74,66,40,102,49,46,35,112,50,69,11,94,54,60,37,175,41,46,110,55,87,93,33,9,25,40,271,10,63,59,41,42,49,25,37,59,43,34,45,18,52,39,69,112,63,61,95,129,126,94,60,65,77,97,53,21,46,63,40,232,11,57,96,161,210,155,131,79,158,94,15,60,28,63,87,72,113,95,8,53,21,60,1070,4922,7226,7518,7405,4817,1932,4755,3417,1115,1059,466,301,639,173,670,826,278,285,282,326,463,242,172,366,451,256,147,291,647,637,328,414,508,271,245,245,395,386,352,285,371,268,199,307,504,329,297,351,432,163,107,145,363,336,240,270,299,118,107,141,324,323,267,268,268,128,103,85,227,335,264,168,149,111,128,91,270,273,211,233,353,134,143,139,225,152,163,144,219,92,68,70,103,152,102,164,252,143,85,96,184,182,137,132,135,84,68,72,121,158,189,110,85,95,91,30,211,148,126,116,129,125,134,63,28,121,68,94,200,83,60,78,289,180,180,195,130,64,87,113,153,108,90,100,93,56,53,50,95,96,100,166,48,72,51,50,82,117,126,94,149,122,78,35,29,77,89,79,33,25,31,23,33,40,48,107,50,37,76,12,132,141,6,64,171,54,64,22,140,111,128,131,58,73,55,258,37,122,32,38,29,35,61,49,89,15,11,43,196,33,33,43,115,130,109,92,122,67,73,37,58,38,37,176,90,41,31,20,91,54,146,64,31,39,51,16,120,163,170,130,10,50,64,51,31,75,91,24,18,101,88,54,56,25,55,94,82,46,280,36,51,43,52,40,113,55
86,4.690357,47942,7362,7386,7452,118,36,887,266,42,62,3,57,80,35,19,11,1,12,6,28,62,23,27,44,119,185,103,118,108,22,55,89,213,277,111,109,77,55,136,59,27,88,76,106,39,31,122,25,38,121,145,118,107,25,71,61,139,147,166,54,41,52,47,72,167,204,160,30,31,59,256,21,28,57,88,65,63,35,41,11,49,61,72,23,125,25,69,23,38,29,107,97,126,56,77,100,127,124,192,62,49,183,68,17,103,171,110,73,50,12,18,65,56,43,84,30,57,30,19,17,45,80,77,107,151,23,89,42,128,202,254,136,43,12,26,7,60,105,94,110,15,9,61,37,29,51,46,57,135,109,82,69,21,45,42,33,136,38,42,45,57,95,136,191,262,44,54,39,11,50,42,75,81,53,78,30,85,194,172,174,250,85,94,43,28,80,74,104,60,54,81,48,81,86,96,16,275,13,55,97,152,114,135,80,106,51,57,55,89,76,170,121,177,100,68,26,83,141,186,122,26,8,32,24,17,71,70,107,63,107,80,43,32,87,120,150,186,21,24,18,67,90,134,82,72,21,24,30,41,91,59,100,177,75,60,64,186,217,142,272,77,25,9,67,52,35,73,89,80,22,61,44,82,99,55,68,113,25,42,11,21,20,92,115,166,56,31,52,122,77,136,167,235,39,26,16,29,69,21,31,77,19,5,6,46,118,63,91,92,17,74,44,143,178,158,65,55,58,151,52,76,92,276,22,146,58,25,27,116,121,47,34,95,20,113,13,186,356,200,164,187,18,52,47,40,62,63,50,131,64,40,52,21,29,34,44,74,85,48,34,62,83,63,128,148,63,74,24,58,118,161,81,18,59,85,85,55,91,127,51,68,19,44,58,86,138,153,65,147,49,98,53,53,154,166,132,61,15,29,47,66,78,87,61,102,61,31,65,73,86,60,111,144,57,34,51,85,146,83,13,155,45,31,27,71,113,83,52,40,45,14,59,80,57,15,63,63,36,28,28,43,31,70,72,57,37,51,50,261,65,49,74,182,65,67,76,59,93,127,52,121,63,46,41,46,96,135,105,34,8,31,11,22,19,38,112,146,115,60,13,19,28,48,66,24,32,83,70,51,10,70,65,121,35,61,18,40,49,33,54,88,3,26,43,37,108,191,81,158,70,58,9,15,112,129,146,107,21,32,31,137,177,132,86,67,12,47,73,71,73,39,56,74,124,101,105,170,224,176,96,132,161,169,93,32,42,136,116,38,43,57,50,111,115,60,51,13,31,29,52,26,80,51,60,167,45,35,10,19,36,122,53,60,40,270,65,61,24,86,131,321,19,29,13,16,30,122,58,121,73,57,8,122,181,132,79,37,35,46,34,87,166,98,35,62,58,40,12,13,25,25,52,44,24,40,45,40,89,103,89,93,63,80,31,27,69,109,147,61,28,35,62,153,166,87,121,217,269,54,46,97,128,31,78,31,30,26,23,95,189,151,120,144,41,79,9,76,91,68,54,71,45,26,49,16,66,32,68,150,25,47,79,147,105,134,82,95,25,20,18,25,72,162,38,42,57,51,25,72,95,53,99,118,31,117,73,6,88,128,111,17,68,41,67,60,117,64,54,89,26,50,69,66,161,63,22,138,47,21,65,119,104,180,90,38,15,37,35,61,108,122,51,175,68,45,92,185,228,307,169,62,113,108,87,20,61,73,52,116,133,130,83,84,84,90,555,3597,7466,7400,7391,5729,2582,4491,4984,1850,804,603,124,450,481,443,663,551,254,227,301,472,404,132,249,385,225,166,184,467,714,389,320,595,136,192,202,330,363,457,246,357,257,126,189,440,469,489,320,325,68,116,115,229,302,373,232,218,93,92,60,104,300,354,194,249,79,22,23,102,310,482,190,110,43,52,47,144,248,271,169,309,165,126,61,111,216,287,150,133,108,68,26,81,117,87,83,135,154,75,24,62,120,175,117,111,7,4,42,60,82,146,67,21,29,44,9,64,136,131,98,85,50,61,38,62,126,46,38,115,41,44,33,44,281,183,173,243,47,67,62,71,127,108,76,23,117,66,2,48,67,131,162,139,33,67,68,112,105,149,79,158,83,68,43,11,45,87,63,31,11,32,22,6,48,97,43,24,23,52,64,149,189,125,32,169,90,104,42,68,135,181,116,123,50,57,57,10,148,61,42,38,64,116,28,37,79,46,42,111,47,41,26,80,141,133,62,138,120,51,71,81,54,68,150,198,65,110,54,134,158,112,44,91,84,81,9,60,122,137,75,151,23,5,2,27,48,60,10,65,16,10,23,51,52,34,38,97,65,70,262,52,75,53,43,51,76,78
87,4.652834,47717,7609,7600,5836,118,44,1120,10,152,126,61,43,40,79,57,42,23,76,32,30,69,196,168,124,184,197,41,53,148,306,328,125,122,62,109,152,20,90,118,84,103,48,50,69,28,178,130,121,99,92,58,51,34,193,178,74,30,87,81,84,61,224,223,121,24,100,20,13,36,56,260,81,43,98,67,96,29,105,29,44,76,167,73,56,43,88,46,122,112,33,65,64,80,164,136,74,4,233,122,25,28,130,117,59,51,65,13,39,8,48,72,99,91,96,14,17,24,66,70,112,105,67,52,67,58,263,196,109,41,114,32,43,31,274,99,104,149,46,39,54,34,154,52,40,44,129,133,104,53,111,54,90,63,42,48,38,56,183,142,172,274,81,54,53,14,32,20,65,100,86,91,90,28,111,186,101,157,127,90,42,42,111,46,108,154,24,82,50,54,167,113,34,85,175,61,125,17,181,126,112,119,77,60,20,73,122,104,140,123,133,129,77,60,160,191,148,156,36,40,59,7,63,123,47,96,94,93,36,51,177,97,119,238,84,29,19,70,173,178,97,130,24,62,47,30,20,6,63,123,194,68,24,73,212,144,53,114,59,53,60,38,88,11,36,20,102,27,53,33,155,124,95,118,124,40,39,20,21,28,116,153,140,67,31,87,149,142,77,178,26,19,30,10,37,42,21,61,134,28,44,52,113,130,75,68,157,78,98,42,191,236,52,37,112,77,73,57,216,122,139,112,69,262,44,79,201,79,90,62,149,56,69,60,270,303,167,157,43,42,41,35,106,44,41,60,41,61,71,16,24,20,59,48,124,59,64,37,149,102,101,138,135,50,11,23,86,124,89,132,54,47,56,71,162,145,117,56,20,54,33,44,100,108,98,147,28,82,80,51,198,256,220,202,40,14,40,34,27,73,47,61,168,58,39,57,132,62,40,104,81,69,12,21,120,101,62,72,78,42,8,57,231,28,61,69,46,45,32,37,74,72,29,53,77,20,20,20,63,70,66,100,16,72,65,20,48,37,22,260,91,35,39,20,34,137,55,46,84,9,46,54,37,61,81,39,37,42,12,8,43,22,52,109,91,96,65,45,111,29,68,89,48,58,48,46,80,39,32,21,23,84,57,25,81,54,85,56,62,23,43,39,84,87,89,71,88,73,80,32,111,59,258,132,96,47,14,81,187,199,93,83,63,43,53,59,86,33,37,64,106,124,91,125,272,217,116,119,172,158,115,51,13,139,107,88,87,26,32,33,152,98,27,100,19,56,40,30,71,137,31,72,87,27,64,0,29,94,96,18,27,70,59,37,67,261,56,75,36,27,29,35,94,139,77,36,104,95,81,25,90,34,50,76,54,75,49,25,171,185,62,81,97,51,39,19,58,46,51,81,13,7,29,29,27,21,51,56,98,40,58,53,147,34,145,188,89,18,45,71,123,95,78,100,110,35,25,63,306,52,54,77,94,48,71,17,176,230,136,159,3,45,47,55,169,48,68,64,32,30,3,11,60,77,84,78,117,55,52,60,167,101,143,77,136,24,50,7,105,86,156,79,130,22,43,81,211,100,69,120,91,73,123,15,45,25,86,136,36,59,72,271,86,45,21,64,98,28,39,34,73,74,62,22,106,30,1,80,183,109,123,83,44,44,17,36,82,161,63,101,224,32,27,112,278,270,206,135,164,134,132,87,58,130,69,95,120,119,102,74,78,33,96,1295,5830,7593,7602,7132,5384,2212,5931,3973,1067,897,301,211,621,210,482,843,343,331,230,330,520,294,202,423,487,209,154,253,671,759,397,467,403,168,169,243,525,399,317,210,334,228,147,305,586,472,381,358,395,71,64,153,427,392,289,260,268,118,77,91,385,532,334,249,183,72,75,105,316,317,285,227,169,53,69,86,323,394,236,255,371,153,111,63,159,159,174,135,193,100,59,40,122,69,58,148,297,148,80,55,100,157,114,181,100,19,17,67,209,159,129,131,37,52,25,51,200,115,140,113,164,68,64,36,66,117,53,73,196,94,54,52,170,273,178,210,71,73,102,63,169,221,103,104,59,80,30,43,166,142,207,208,42,46,53,101,158,133,153,110,154,76,64,20,36,75,117,118,56,34,57,26,84,78,66,32,129,53,60,78,223,252,70,23,191,83,93,31,155,189,115,148,93,56,47,38,181,189,73,37,71,64,78,12,133,131,121,33,253,47,35,63,178,209,109,99,97,76,60,43,127,32,94,199,142,61,17,61,127,118,108,82,109,104,40,51,176,181,181,144,47,47,60,16,77,116,76,55,67,40,17,46,127,69,67,47,136,97,74,18,99,62,256,60,108,118,58,86,86,55
88,4.72788,47822,7420,7419,7199,118,40,986,259,51,117,45,41,37,35,12,14,35,5,53,33,10,23,74,143,83,56,101,5,25,101,256,334,103,97,34,60,115,44,35,107,73,49,90,47,116,29,80,190,126,14,137,29,68,78,151,207,153,31,78,38,70,83,158,299,237,112,45,43,9,8,40,168,196,52,85,63,37,47,53,96,38,43,93,36,106,46,69,106,141,166,137,85,79,92,106,218,182,82,112,171,78,43,49,166,151,97,53,28,50,37,21,47,50,58,57,45,30,11,46,132,36,57,177,32,60,48,174,315,201,103,20,44,35,261,30,128,118,101,8,21,54,16,45,27,31,80,138,101,125,59,13,110,105,32,154,43,66,22,67,205,181,132,173,25,45,44,41,54,69,24,33,51,68,30,65,203,217,162,146,94,65,20,28,78,63,83,55,68,49,39,93,114,42,34,93,29,262,78,95,157,134,54,88,40,8,71,71,158,112,88,178,104,101,42,104,159,146,100,39,22,34,13,26,64,53,71,93,86,51,36,48,110,61,91,156,29,34,44,78,126,86,43,20,24,37,25,20,133,90,87,159,101,54,68,148,236,98,88,47,10,56,45,87,94,157,50,49,39,121,62,23,98,81,34,111,27,36,2,27,39,66,121,143,92,64,32,131,125,100,190,193,6,19,8,20,69,70,47,103,36,26,20,42,46,26,32,52,8,80,53,105,186,180,86,44,106,113,8,107,165,48,91,114,16,33,36,113,66,76,78,173,60,94,3,180,341,259,139,149,31,42,18,99,97,6,46,79,36,52,50,30,67,36,10,78,45,21,66,56,94,70,107,130,62,57,15,38,164,156,120,45,71,86,52,62,151,156,42,99,31,44,57,106,229,166,259,105,72,124,55,39,171,78,67,126,0,20,73,63,73,67,81,81,56,6,31,94,179,61,156,183,47,46,25,109,194,59,42,137,51,32,21,120,157,172,125,64,21,58,78,66,62,38,45,21,37,9,2,41,122,142,105,48,8,23,19,46,54,6,52,43,69,83,56,21,46,112,47,101,62,30,52,36,130,155,79,52,26,30,19,27,68,72,111,125,146,96,36,20,31,18,37,41,22,69,42,55,54,102,93,124,81,77,31,49,31,22,49,46,27,37,37,37,217,158,68,161,61,73,57,41,295,157,110,90,30,102,29,155,174,73,47,46,23,23,23,99,97,24,28,52,108,92,96,170,287,134,132,115,143,153,84,27,41,119,139,73,55,76,24,85,102,37,15,49,30,37,38,25,114,63,107,156,32,24,11,12,19,111,25,74,53,42,42,260,38,85,51,213,29,29,35,55,143,183,111,117,85,83,14,134,187,105,87,26,11,43,20,65,132,119,54,76,27,50,39,59,35,22,77,82,50,32,24,39,54,20,8,17,105,92,51,19,59,126,9,103,18,69,50,162,142,98,24,142,59,24,34,116,164,95,36,87,36,82,42,92,173,143,66,76,28,53,32,59,136,140,42,101,64,1,23,9,45,20,55,232,64,64,46,139,152,88,32,107,35,5,12,8,68,101,68,35,71,28,39,108,167,40,80,112,49,97,16,18,72,62,83,88,62,52,66,58,66,30,92,167,45,85,53,56,145,98,54,167,12,26,72,130,134,135,92,45,37,31,44,33,47,56,41,231,109,68,45,187,250,225,122,72,154,123,89,32,99,63,80,121,117,95,101,97,76,56,426,2952,7230,7451,7451,6375,2500,3668,4964,1442,907,619,70,454,547,279,712,577,270,197,239,455,477,109,187,396,192,180,133,411,636,288,316,556,154,169,176,323,532,465,215,342,282,185,152,474,505,450,285,342,72,124,124,272,502,395,217,259,154,136,63,158,405,369,236,308,125,19,36,164,478,413,190,295,100,30,30,156,368,290,193,308,194,106,17,76,238,215,124,117,125,35,24,131,163,126,179,177,216,110,59,68,165,207,180,157,50,44,28,93,185,143,81,37,16,55,21,108,209,181,83,122,55,61,33,47,117,17,38,115,66,36,31,100,213,163,99,173,66,107,57,52,109,91,90,36,82,29,27,81,170,140,132,149,30,45,19,109,176,160,104,125,100,49,24,11,67,97,82,35,28,43,57,43,68,125,59,82,12,48,68,149,197,144,66,129,134,87,53,54,148,185,165,217,42,44,65,129,111,54,39,58,64,124,31,34,93,75,40,32,86,36,25,94,170,202,131,53,101,60,90,80,64,52,133,175,48,96,29,139,145,94,66,73,84,88,32,47,138,88,69,124,24,26,7,14,52,121,66,29,59,64,43,57,68,46,39,84,69,54,25,69,286,30,89,115,126,72,16,42
89,4.709118,47887,7559,7368,7062,118,44,1075,10,56,65,68,87,63,46,31,37,45,59,36,94,51,31,7,81,236,168,63,110,76,24,72,197,317,174,74,64,96,153,110,18,109,45,50,75,19,87,7,123,177,138,44,90,10,64,71,68,154,102,30,47,87,101,78,126,330,198,51,15,57,36,16,14,60,163,39,128,70,70,50,14,101,48,57,103,68,90,73,46,53,114,114,118,37,56,75,78,184,149,42,83,137,82,22,46,128,138,56,93,18,53,49,8,60,14,50,74,14,45,22,44,99,12,37,121,9,121,38,149,312,134,40,22,64,3,66,29,90,77,104,75,43,43,13,98,74,37,49,116,75,93,86,40,128,120,47,49,50,73,15,59,171,191,156,177,30,63,52,32,19,47,20,33,46,65,66,35,140,169,88,73,37,42,46,82,90,53,27,62,50,52,63,102,184,98,31,58,48,103,86,82,145,123,105,112,28,12,49,104,189,123,66,122,121,108,67,136,214,137,107,92,43,100,44,22,46,47,64,66,57,55,11,53,161,119,104,168,60,48,33,91,179,111,71,59,53,27,26,7,67,65,3,69,83,49,43,133,212,67,66,55,19,75,63,42,69,158,56,61,54,70,60,57,130,118,37,43,39,70,33,2,70,74,112,192,77,18,18,113,183,166,122,202,47,26,35,29,7,120,34,77,43,21,7,14,44,44,51,46,41,130,56,79,212,197,25,28,69,104,24,78,211,32,77,61,48,81,77,134,169,105,108,91,51,77,25,123,268,190,80,126,22,17,12,82,84,36,27,38,57,59,39,36,13,23,36,114,137,65,36,62,70,40,85,108,52,27,9,49,111,82,98,121,35,78,71,60,163,137,66,35,14,47,38,95,167,78,45,109,54,100,68,63,197,62,79,119,19,48,38,52,60,39,34,71,66,36,35,26,94,29,73,206,58,63,38,41,167,23,10,83,32,34,16,98,133,179,58,52,14,26,40,59,61,8,40,17,18,28,37,40,58,93,63,63,64,35,43,13,27,48,44,113,28,35,33,26,50,80,49,79,63,10,29,59,103,96,79,71,59,48,44,31,34,67,76,134,80,76,47,77,121,49,41,31,70,101,37,40,55,110,25,82,55,29,53,35,79,13,69,58,67,85,65,29,141,148,72,44,72,92,97,258,129,120,48,102,59,57,30,157,234,145,56,22,51,70,61,59,45,37,30,79,132,136,87,156,268,86,83,134,128,157,84,53,39,37,123,94,77,31,16,84,96,6,1,71,75,40,19,48,123,101,114,150,38,37,5,18,42,53,44,47,31,52,25,74,99,55,56,114,36,20,51,106,146,258,73,59,69,60,63,47,119,71,81,51,43,83,55,46,168,139,27,40,20,8,45,109,73,21,55,108,10,49,43,25,39,12,39,57,67,68,49,45,112,117,35,82,22,56,25,104,136,46,53,141,82,262,54,117,240,105,37,49,3,85,101,16,152,124,57,74,17,26,77,89,152,114,32,70,58,25,35,32,52,47,69,165,65,55,34,149,214,107,105,81,51,62,47,93,127,99,72,57,55,13,57,119,201,67,36,70,71,127,75,20,19,40,90,115,94,90,91,80,101,52,79,58,103,11,53,54,120,81,75,88,40,41,78,140,151,100,92,109,60,16,41,42,90,59,82,184,113,53,55,141,341,225,124,71,137,166,104,15,83,95,109,113,146,152,103,110,111,27,246,2723,7075,7381,7572,6678,3475,3020,5485,2158,762,747,166,381,502,194,598,732,378,283,267,393,490,115,165,426,308,223,201,431,730,376,272,539,261,260,194,367,616,362,186,290,292,186,192,463,628,339,250,331,174,93,112,239,508,340,187,229,163,125,70,227,482,386,221,283,131,44,28,187,458,386,118,169,133,56,50,165,385,287,166,295,214,139,59,100,236,207,164,157,133,66,36,85,162,155,166,249,262,137,116,117,203,254,145,175,71,66,66,130,210,192,122,75,41,34,59,107,235,172,141,147,96,72,59,65,112,77,33,131,96,82,75,123,230,113,125,203,86,125,82,106,164,74,89,76,53,42,21,86,154,175,146,177,60,83,72,99,174,123,99,126,128,76,48,40,64,103,138,26,34,46,71,68,40,69,32,59,50,43,101,89,198,123,83,98,153,115,98,32,140,157,108,139,106,81,90,82,259,49,53,53,18,101,41,28,99,53,41,84,83,45,36,37,147,199,107,74,133,75,61,51,100,17,61,158,51,57,24,65,161,79,34,43,69,47,39,58,175,128,108,99,65,23,37,39,125,185,82,118,28,58,38,66,84,79,17,76,106,76,44,261,100,61,62,72,63,34,55
90,4.690357,47876,7493,7096,7199,118,40,982,24,70,28,78,63,39,45,13,19,68,21,40,50,17,14,31,117,178,118,184,163,50,75,88,227,334,140,122,59,90,116,61,11,67,100,93,82,34,51,22,58,124,131,105,106,28,80,48,138,186,152,57,52,86,72,74,200,147,106,45,71,56,42,263,40,25,84,63,82,65,71,11,38,41,48,61,144,20,76,62,35,24,139,167,171,64,91,68,98,66,97,25,98,128,59,28,113,136,65,32,59,9,27,29,55,63,75,92,54,24,2,3,48,119,97,78,149,51,60,37,164,185,194,114,44,77,5,58,49,84,75,113,19,15,30,14,68,58,50,12,152,70,101,25,43,56,56,65,167,24,23,46,62,72,132,193,241,59,38,32,65,23,77,67,43,58,91,33,85,220,125,166,160,33,78,25,51,56,81,133,39,49,63,48,80,104,72,22,160,5,67,56,145,166,100,77,87,19,42,29,75,57,150,131,181,111,110,31,113,199,147,130,12,24,36,15,20,49,71,88,45,55,64,14,36,119,158,165,103,25,31,26,46,125,159,134,63,37,46,27,60,67,39,109,187,59,47,74,175,267,108,114,101,19,57,28,86,38,27,78,80,29,64,44,88,95,71,59,134,61,64,39,22,25,120,114,92,69,21,48,112,125,97,127,180,24,24,21,31,25,26,24,106,24,35,23,5,115,87,62,66,43,82,48,188,200,103,51,83,59,100,51,85,106,72,70,166,19,32,74,128,36,122,42,132,45,101,25,203,296,156,180,160,45,55,39,43,24,33,91,96,67,61,53,31,44,45,86,98,89,67,57,45,101,115,136,165,49,83,40,71,112,98,75,32,20,94,71,68,75,145,59,40,30,52,75,88,94,257,69,111,55,70,36,57,164,129,135,47,41,37,34,44,33,54,10,157,94,31,34,23,44,81,92,87,66,33,13,116,155,95,43,162,5,17,24,116,42,101,35,22,24,39,49,65,59,50,72,121,16,23,14,21,20,116,80,95,34,63,33,27,272,10,52,185,41,36,21,9,65,73,82,124,27,40,49,19,43,99,92,9,19,8,18,13,49,4,75,118,131,84,31,38,47,39,64,18,23,45,23,35,61,57,50,117,68,30,27,53,61,64,53,97,27,46,13,12,60,149,41,145,88,100,16,257,67,98,114,60,16,43,60,102,208,148,79,40,37,41,26,72,83,44,32,99,125,98,73,154,166,129,138,133,144,149,68,31,84,172,122,76,77,52,27,69,178,58,64,30,26,16,10,39,113,38,49,165,28,45,31,18,71,127,41,79,38,28,263,63,26,51,54,283,8,28,26,53,20,98,68,162,94,88,4,119,151,83,85,17,27,42,48,141,159,100,23,69,42,32,14,30,10,102,64,51,32,49,63,22,55,33,42,85,63,79,69,36,31,89,127,85,16,23,66,140,128,92,136,244,47,260,63,135,159,66,54,23,30,44,32,64,149,114,153,109,56,67,42,58,129,102,35,77,41,15,40,4,105,37,61,173,88,41,10,118,117,179,69,99,58,17,19,30,100,147,58,85,37,15,47,67,88,47,96,124,81,115,53,59,23,100,113,109,23,68,66,67,88,22,55,86,15,11,15,47,137,64,63,178,57,43,35,128,196,209,110,83,20,16,58,32,58,85,31,256,83,58,55,207,228,254,183,122,135,103,60,41,109,74,103,159,109,107,103,96,49,53,591,3697,7209,7106,7506,5996,2348,5171,4977,1794,763,513,155,563,486,464,742,437,203,189,250,514,449,209,333,461,161,127,199,545,709,392,352,609,137,186,206,385,412,491,281,395,242,157,210,441,496,468,369,402,33,75,91,251,301,361,246,267,102,99,63,149,332,342,245,309,113,66,52,107,300,396,107,149,56,43,74,127,247,257,156,408,149,115,68,97,186,243,127,105,86,69,51,145,127,83,127,156,149,90,58,84,126,142,125,79,30,45,44,87,101,119,82,94,3,35,61,95,48,99,115,135,80,84,53,76,126,27,59,154,73,65,56,81,145,64,191,234,48,70,66,47,129,127,102,13,90,32,17,78,79,143,159,109,31,58,57,94,44,149,153,199,106,84,46,9,91,88,67,21,51,64,39,27,37,63,32,49,37,47,43,151,162,93,26,242,113,110,64,38,174,170,130,127,67,23,49,111,297,93,20,34,45,86,39,62,47,71,55,147,69,40,7,129,163,147,109,122,74,66,58,68,25,94,159,184,9,47,54,161,134,82,80,77,63,45,28,60,98,167,134,135,21,10,14,21,54,71,27,37,19,39,43,30,63,49,55,61,82,69,33,20,72,60,73,102,66,32,30
91,4.671596,47721,7197,7318,5313,118,32,796,58,75,114,60,34,59,93,86,46,88,112,34,28,52,125,161,112,120,215,45,34,150,263,258,93,79,67,123,149,78,9,123,43,51,66,51,53,54,138,161,130,20,148,63,98,37,133,53,68,98,128,50,63,50,229,214,133,43,58,61,39,53,7,283,64,55,184,100,50,62,116,62,16,60,149,70,97,63,72,126,65,119,48,106,77,49,81,137,64,72,233,141,100,26,122,163,75,91,6,33,63,40,16,78,7,74,136,28,18,22,8,18,8,112,143,74,64,67,220,125,80,73,37,43,84,92,43,80,95,94,99,13,27,70,128,37,20,117,189,148,122,55,56,154,143,112,27,61,4,37,100,166,135,145,89,59,63,21,63,34,53,30,116,107,109,48,133,187,118,87,151,130,110,78,66,2,121,197,118,70,41,43,140,174,61,9,138,55,85,17,123,133,66,66,91,14,70,94,75,39,67,109,202,142,83,75,179,141,99,129,39,50,39,29,36,48,58,83,62,110,64,22,101,124,133,177,75,39,57,82,124,146,94,48,21,32,45,13,40,11,81,80,313,19,59,95,172,132,86,106,78,58,270,43,102,131,88,53,101,69,122,64,134,108,79,77,126,60,46,27,16,41,91,105,111,54,11,122,146,111,99,170,54,38,37,13,41,111,92,45,148,37,35,56,88,58,42,24,189,72,52,70,225,243,104,65,63,83,51,94,105,86,87,102,48,256,22,71,148,120,111,102,204,86,98,36,194,236,138,148,49,36,27,83,70,37,32,60,48,56,40,17,37,44,42,54,179,50,46,49,91,52,36,105,119,4,30,39,111,105,124,129,133,30,40,72,104,103,80,37,112,40,6,82,100,117,90,127,92,52,102,41,113,127,67,98,51,14,33,42,59,63,42,69,125,28,32,22,96,89,46,148,118,25,14,10,104,40,40,90,92,42,25,131,192,187,147,48,33,38,59,42,46,38,17,16,47,21,9,35,47,35,97,108,95,40,41,74,43,59,48,257,61,63,74,24,26,70,72,100,75,31,37,40,42,33,79,60,85,78,45,45,24,85,78,76,79,87,81,41,73,46,61,94,78,76,47,38,93,112,50,72,68,93,44,30,43,14,38,83,46,61,54,61,22,67,88,17,49,105,110,31,105,118,286,70,145,62,13,86,194,184,48,36,46,50,81,52,42,52,27,18,32,128,86,96,208,190,58,83,147,162,99,26,47,27,78,107,73,65,75,38,141,51,37,39,68,52,20,22,67,136,80,89,34,22,29,20,63,89,48,45,48,57,47,81,100,267,32,70,33,48,91,78,154,220,177,43,21,107,85,40,100,13,121,148,67,49,84,27,90,174,60,16,115,33,37,75,30,28,60,86,61,12,25,15,26,30,23,33,146,59,67,24,63,151,108,69,155,37,45,73,131,55,20,106,181,49,61,55,267,66,75,44,145,85,127,37,124,159,27,69,83,63,90,80,64,59,77,35,24,50,23,26,51,51,73,93,196,39,51,106,169,75,86,63,80,31,26,45,79,59,75,47,148,15,52,18,143,119,64,92,69,83,111,33,17,19,60,81,58,69,114,277,64,37,44,68,89,56,100,80,101,56,64,52,134,4,6,99,216,21,92,127,73,14,40,75,82,124,70,79,295,92,51,103,259,161,154,162,143,149,104,50,23,69,76,127,131,93,103,70,69,36,65,1057,5312,7317,7208,7488,6140,1539,5769,4220,1118,957,314,224,609,106,517,927,421,363,273,313,455,234,121,279,627,182,186,270,685,553,258,360,478,209,189,258,475,381,226,234,442,213,214,314,534,326,222,314,404,104,145,172,392,362,213,168,260,144,111,77,287,360,289,250,367,56,36,58,258,279,225,160,252,268,87,74,248,320,192,231,458,110,91,25,180,161,140,139,198,76,39,103,153,160,91,159,380,141,120,97,194,197,175,152,128,64,71,50,176,112,126,98,37,31,34,75,125,142,147,134,174,93,78,45,136,115,24,99,259,45,34,90,209,195,115,127,119,94,100,55,150,116,77,95,72,82,38,48,128,119,158,157,80,77,77,52,141,65,119,58,192,45,69,38,39,63,91,101,6,62,85,103,57,24,51,47,166,40,71,56,210,159,83,36,249,160,128,10,96,103,97,195,162,29,20,43,127,96,28,268,33,71,84,18,101,40,23,44,154,68,22,44,116,208,112,154,118,92,55,45,32,40,24,105,163,9,15,60,141,109,110,121,90,86,57,36,115,156,99,145,26,56,46,37,75,207,127,72,82,94,100,21,100,64,65,75,63,46,75,35,30,56,261,66,185,82,39,78,84,45
92,4.690357,47817,7410,7151,7128,118,40,986,258,47,119,127,26,22,13,28,67,14,6,42,44,16,20,75,130,134,140,78,59,68,122,206,288,133,101,56,50,91,88,63,85,84,50,37,56,70,43,77,206,134,94,127,32,64,27,137,203,153,50,30,22,41,54,160,229,160,30,37,76,43,19,7,108,81,71,29,58,51,18,66,72,53,74,42,4,56,46,78,105,68,124,122,48,41,53,92,150,108,43,45,240,117,23,62,114,73,73,84,15,17,36,23,49,35,30,23,41,10,11,29,118,41,58,90,35,74,30,97,261,230,108,47,35,41,267,46,112,134,86,1,8,38,38,76,79,11,25,111,125,104,54,60,115,34,84,48,49,34,17,89,141,144,209,271,32,55,48,54,66,27,71,76,78,56,55,42,138,162,141,174,112,66,26,51,63,57,147,95,84,57,59,103,109,111,45,46,22,264,63,170,146,118,105,119,33,30,28,68,112,151,113,167,94,55,23,121,166,131,118,10,19,50,53,39,52,38,66,70,111,63,45,57,106,81,229,284,85,58,51,80,167,130,80,124,3,51,28,37,66,64,60,108,98,9,31,137,220,106,108,91,37,17,17,88,27,84,121,95,31,54,44,116,113,83,99,84,31,60,4,34,89,77,157,229,98,16,65,129,113,43,125,229,18,26,20,65,111,4,44,83,47,52,46,34,103,66,146,97,15,46,24,126,128,162,95,58,93,70,27,80,134,107,82,5,41,17,72,103,89,88,92,63,50,86,25,153,258,252,186,146,34,45,22,18,60,39,26,101,24,40,52,25,55,25,72,58,87,47,32,25,68,59,160,164,63,31,21,42,92,115,117,90,18,29,66,65,158,136,101,71,11,9,48,33,139,210,87,194,43,57,47,66,257,179,195,137,12,8,12,21,56,76,56,75,35,6,41,137,193,83,114,133,21,52,32,79,137,95,48,160,54,49,71,136,152,115,73,51,10,37,54,28,80,55,65,71,64,61,54,51,76,141,61,35,15,53,26,35,79,34,43,111,41,42,21,35,58,74,44,110,80,52,69,35,52,153,150,56,26,50,35,50,16,32,76,136,148,112,50,73,89,33,60,50,72,62,44,68,51,34,33,116,63,64,41,46,77,83,101,39,18,58,51,65,196,192,75,78,63,82,36,75,73,119,112,95,40,32,62,114,184,131,75,17,27,40,6,60,85,31,32,56,124,118,101,87,258,180,88,139,88,115,38,45,133,68,71,35,12,31,42,103,119,39,54,71,71,6,33,69,79,65,58,146,33,9,10,96,93,91,43,94,38,44,69,73,53,46,112,200,67,40,54,12,39,59,38,103,83,67,12,102,163,121,123,17,51,65,51,63,98,79,40,11,46,26,31,17,38,49,130,108,40,21,43,14,60,23,68,44,55,43,24,39,58,110,142,59,35,41,57,146,191,69,64,146,57,24,257,65,95,55,121,60,47,37,28,29,141,116,114,124,56,34,56,76,133,77,81,23,49,20,2,39,66,28,85,150,47,12,47,158,173,108,89,69,29,6,40,61,53,88,95,33,72,24,14,85,115,94,120,155,38,105,55,45,99,76,129,122,72,260,65,34,50,34,35,95,28,30,9,48,97,51,15,69,14,20,31,186,208,169,91,62,42,53,51,24,61,118,49,171,49,41,79,206,294,218,144,91,132,87,36,44,91,65,68,81,91,78,61,27,17,28,421,3259,7130,7154,7405,5982,2452,4435,4829,1890,607,569,95,561,642,285,828,797,314,216,267,477,455,178,264,387,235,189,220,458,654,323,370,557,159,156,168,359,540,470,251,272,241,128,170,434,572,410,275,230,76,103,122,248,317,356,217,233,142,80,31,119,328,348,243,310,125,72,29,99,315,369,220,294,56,46,64,137,247,255,181,224,133,91,60,156,234,182,160,96,130,60,35,147,159,70,88,91,166,84,47,93,140,130,110,116,31,22,16,85,171,152,163,47,41,6,31,82,92,86,79,56,91,37,29,81,96,18,33,85,66,41,38,37,141,150,281,220,28,43,42,81,115,142,78,66,115,66,23,74,141,107,193,206,55,45,48,101,103,135,121,107,115,61,35,75,89,67,83,101,21,10,18,22,50,110,42,53,45,30,16,119,151,105,47,98,104,81,28,92,212,172,109,72,53,38,35,87,168,68,41,38,25,73,35,38,60,54,10,44,75,38,20,101,155,123,114,44,103,63,31,82,96,55,101,147,43,41,29,75,90,70,83,41,117,49,36,43,114,146,157,79,25,31,21,20,33,48,17,64,51,55,45,71,103,59,38,99,96,73,33,50,17,55,35,52,113,37,53,52
93,4.765403,47830,7307,7512,6639,118,28,687,2,85,46,64,33,16,80,18,12,43,53,22,23,20,24,45,94,68,61,77,34,16,34,84,118,43,46,23,44,86,83,1,67,54,80,92,54,103,79,65,155,86,58,28,55,81,61,26,104,30,23,38,38,78,79,57,107,84,31,11,17,30,37,17,28,16,86,25,79,59,17,41,48,25,68,44,59,29,25,25,24,24,73,79,96,68,47,62,72,44,29,14,146,58,18,31,76,52,39,56,84,59,47,61,23,59,64,17,8,13,49,31,49,84,93,68,4,53,57,75,142,88,58,58,62,56,66,40,60,43,57,29,19,53,21,7,84,39,49,88,64,97,33,23,70,62,33,66,21,79,41,39,80,61,72,113,48,68,50,23,17,39,73,64,66,82,60,41,9,95,103,82,62,85,28,6,109,49,75,59,18,29,27,91,65,66,28,36,7,12,40,57,81,31,72,26,58,31,60,38,101,104,95,84,100,27,17,53,94,73,111,51,26,6,33,15,42,83,52,36,33,79,74,24,64,64,101,186,16,32,63,36,118,90,20,12,39,16,16,12,17,26,52,89,58,31,42,78,145,54,27,24,62,80,83,54,30,63,56,56,26,46,53,59,71,18,27,48,47,53,27,19,35,25,72,149,23,19,24,19,25,60,71,92,17,50,47,52,47,5,12,29,27,4,26,40,73,35,45,49,106,65,61,81,130,42,21,11,66,95,52,51,87,83,54,268,24,25,22,59,58,41,71,26,59,64,71,45,145,112,130,159,36,52,30,17,46,40,52,53,23,23,14,11,41,62,33,86,55,75,92,2,70,32,53,110,41,58,8,18,41,16,77,22,4,41,47,39,118,118,79,48,48,44,8,65,61,81,256,30,12,112,123,6,131,70,80,56,19,59,23,36,35,46,28,22,66,41,22,20,123,80,123,124,1,22,10,23,49,60,47,7,69,70,26,33,55,27,6,29,31,1,21,44,42,24,64,13,29,25,44,29,37,18,52,12,28,42,11,21,65,257,33,74,56,56,20,40,55,33,23,31,28,31,44,25,47,19,65,56,21,18,48,31,58,55,62,76,120,65,37,32,38,53,8,22,41,47,53,47,55,39,71,22,46,26,12,16,41,28,42,33,55,61,53,57,95,106,96,8,85,110,45,29,263,80,84,52,9,93,46,59,67,126,102,9,42,11,31,56,54,69,50,75,84,142,102,68,95,108,102,96,118,50,65,51,61,38,76,94,50,7,59,63,33,37,10,40,57,17,13,5,21,38,40,90,53,49,32,13,35,52,57,51,44,36,34,262,45,45,92,61,54,69,9,42,43,8,42,74,61,78,16,52,80,11,41,30,68,45,36,66,86,44,24,20,55,15,45,15,80,47,55,10,95,55,33,35,61,43,40,36,73,72,79,83,69,54,44,51,50,45,45,74,129,70,86,110,29,30,2,87,62,42,62,21,28,33,23,38,69,64,52,60,30,59,47,25,66,50,21,18,24,45,50,7,35,20,74,135,13,10,24,66,46,71,100,8,27,52,11,63,57,65,121,40,35,46,50,74,109,64,57,61,26,47,48,23,48,15,98,108,75,16,52,36,16,10,30,77,13,18,42,18,83,59,36,63,50,93,27,71,57,86,101,26,23,48,83,64,55,73,94,63,71,57,48,102,123,111,101,68,114,76,74,82,14,67,43,40,93,121,91,63,37,15,281,2242,6648,7521,7316,6537,1954,2821,4195,1878,1042,825,283,490,596,194,708,662,306,257,287,444,481,256,264,337,316,224,193,340,582,388,361,442,366,247,201,335,420,322,274,248,300,170,197,345,453,295,268,220,175,135,94,180,222,206,177,241,247,115,92,152,261,244,200,232,164,74,90,150,243,272,174,97,141,95,87,108,217,178,127,193,217,141,102,107,178,101,150,120,113,102,86,93,100,62,122,105,181,161,94,55,93,98,153,107,80,41,60,100,103,78,107,96,64,55,78,65,88,92,99,94,108,79,96,84,84,63,47,80,134,78,80,92,127,153,92,174,140,92,73,55,106,152,82,55,34,40,31,61,90,70,103,110,58,39,33,27,67,102,56,27,103,67,60,37,70,44,53,80,52,71,62,16,25,47,14,28,33,65,73,44,67,57,14,44,110,44,42,18,101,61,63,36,37,32,36,34,64,270,66,62,47,64,65,77,90,84,38,62,154,45,33,23,41,56,22,47,118,108,48,47,40,37,16,104,48,65,52,42,43,40,130,43,50,72,14,76,75,53,80,11,28,66,51,17,33,61,27,66,41,42,54,40,69,78,75,76,39,86,50,10,258,29,26,29,53,34,62,18
94,4.72788,47997,7251,7450,4114,118,36,888,271,44,50,40,22,100,93,33,50,55,66,14,35,32,79,16,28,28,48,127,113,84,188,34,39,63,231,251,68,135,35,80,102,65,16,72,33,50,72,28,71,64,119,142,77,56,228,50,64,53,99,75,47,18,91,118,115,117,137,229,162,30,54,17,31,80,33,130,151,15,190,9,12,28,45,37,50,14,167,37,90,87,52,56,124,143,116,66,91,84,107,80,78,66,228,132,31,29,56,189,118,31,63,14,74,38,47,47,55,62,113,21,11,10,77,45,59,72,178,90,98,55,148,122,81,61,41,44,39,53,12,74,85,96,53,32,25,12,66,20,14,85,181,133,99,109,61,110,110,30,158,39,55,2,86,123,186,161,190,31,37,52,29,25,29,51,45,99,52,77,41,197,138,117,166,70,67,57,57,55,91,87,79,76,33,74,89,133,55,12,176,44,83,116,68,131,111,56,38,28,60,33,71,88,80,98,220,116,120,41,167,188,71,144,10,36,67,30,33,70,36,44,68,58,15,13,43,110,99,64,135,43,28,53,125,152,88,52,90,4,53,27,35,27,59,68,238,113,65,46,180,132,261,97,57,71,133,110,68,108,110,9,114,14,88,74,90,133,107,27,147,49,82,45,43,32,100,137,115,26,22,17,139,109,121,126,117,65,56,64,28,28,55,39,131,50,18,29,50,62,30,4,135,40,98,18,157,219,100,12,79,45,74,57,74,54,39,71,175,52,24,114,101,15,127,96,165,31,53,27,159,230,139,53,83,16,33,30,61,32,45,50,69,57,69,85,38,12,42,85,200,97,79,16,24,58,87,75,178,46,55,90,45,86,105,145,97,13,66,124,76,86,145,48,127,31,52,34,271,65,84,56,114,72,90,54,72,151,67,66,150,56,11,72,70,54,63,80,168,64,15,35,56,58,17,111,203,71,97,41,87,55,69,54,131,49,14,30,103,55,115,42,29,24,16,54,48,46,19,53,35,46,17,3,54,53,88,58,105,36,16,14,34,72,55,32,90,17,23,50,42,53,57,72,127,13,24,40,17,10,62,58,117,27,43,9,4,75,37,86,105,120,60,68,50,36,53,51,85,60,118,21,132,88,77,41,119,77,79,7,15,13,47,62,36,20,49,70,23,69,125,31,59,108,96,74,11,65,109,89,86,44,44,63,151,142,69,70,71,39,61,49,74,45,68,66,35,157,113,78,147,182,54,105,185,211,142,75,37,65,78,169,22,18,46,50,95,112,16,44,41,31,28,62,70,125,36,134,187,3,46,24,29,27,62,78,82,83,61,54,72,33,58,50,143,23,3,64,93,172,170,89,132,60,48,55,89,88,26,69,77,16,48,38,54,150,87,30,128,40,17,69,78,4,11,53,54,4,41,47,47,30,32,33,50,45,57,62,71,96,100,46,177,23,45,80,163,94,31,38,280,48,16,87,116,71,68,30,161,35,94,84,61,148,93,55,50,27,19,80,83,60,85,24,74,43,35,13,17,86,92,99,290,27,71,50,112,69,145,72,183,45,53,32,40,60,110,98,166,18,37,77,120,81,22,60,83,76,95,48,29,39,76,127,99,70,60,82,59,5,70,58,75,46,18,76,68,56,104,58,189,36,12,118,147,105,111,97,48,12,44,63,44,93,66,56,359,83,55,90,185,149,147,177,82,145,124,114,18,58,62,113,137,136,130,110,91,97,38,558,4113,7448,7250,7494,6205,1265,5239,5108,1433,972,521,154,531,305,369,796,597,418,259,237,410,295,145,244,524,303,167,171,470,601,314,310,664,164,176,199,443,393,327,208,479,223,163,157,441,372,269,239,398,68,53,146,310,354,221,180,306,97,95,45,173,327,295,206,414,76,45,30,144,82,253,141,220,43,59,49,159,273,221,223,453,138,78,17,110,146,175,155,148,107,45,86,120,154,129,184,340,189,116,85,126,171,169,144,155,43,53,59,103,93,153,102,73,34,40,46,90,96,153,138,203,90,74,43,73,94,32,49,269,95,57,61,0,166,122,122,207,54,89,41,90,102,57,102,69,90,32,46,92,119,144,134,114,42,48,20,96,105,162,85,201,71,75,50,30,81,88,110,44,24,25,136,79,55,43,47,142,50,47,107,156,176,79,44,276,104,106,32,63,102,96,184,176,94,30,261,124,111,45,45,72,65,148,31,39,36,23,50,205,87,55,29,74,154,122,106,49,121,88,28,34,22,81,102,158,33,65,9,124,100,60,62,109,112,50,22,73,155,126,74,57,35,42,46,35,112,134,35,42,49,80,45,49,33,73,39,75,54,30,33,44,23,69,76,170,70
95,4.671596,48091,7297,7557,6496,118,40,982,25,99,80,38,82,51,108,132,33,35,53,18,3,12,34,19,135,34,47,74,206,146,108,186,135,25,43,159,233,227,91,84,96,102,113,47,134,142,97,106,33,61,41,77,164,144,90,42,58,41,80,69,184,156,57,44,92,72,89,73,221,231,84,16,105,16,12,56,33,48,77,59,76,23,31,16,87,76,46,36,88,58,48,88,109,50,121,137,28,64,77,67,199,167,60,55,243,91,46,24,96,113,81,104,47,28,32,6,40,18,25,44,95,24,25,27,54,53,87,122,84,50,25,89,261,242,31,72,53,43,33,44,141,154,134,113,31,25,54,46,98,39,6,55,117,118,94,20,117,46,88,81,26,63,46,57,167,166,194,176,24,42,35,3,91,56,77,135,94,96,96,52,162,226,166,157,116,71,33,35,108,79,134,207,44,76,55,51,154,259,59,44,125,38,92,104,141,96,57,80,71,23,24,96,128,114,76,121,127,112,56,86,162,132,117,114,14,49,19,48,84,115,64,78,116,99,49,34,197,124,156,234,46,68,14,67,151,142,69,74,38,20,49,13,84,29,60,109,125,74,30,102,125,143,52,92,60,40,55,39,37,40,69,54,69,35,83,52,125,85,49,105,66,17,30,33,49,52,90,182,68,33,25,66,127,91,113,184,19,42,7,17,11,24,38,50,51,39,15,8,112,82,16,20,104,38,72,62,213,229,86,55,77,67,48,275,162,146,87,115,68,22,41,113,159,79,118,99,144,29,40,95,293,271,126,182,44,22,45,65,50,65,50,59,16,49,20,33,5,11,34,41,101,44,39,85,170,145,77,104,79,99,48,41,69,80,97,151,26,63,64,67,94,155,133,48,27,49,9,89,141,183,85,104,42,73,85,25,175,208,154,190,16,33,13,31,69,51,45,18,103,26,47,67,131,54,94,106,107,52,45,43,195,147,88,57,90,63,64,94,150,73,84,73,52,54,38,49,23,44,20,40,42,32,37,27,35,47,113,138,40,264,32,33,34,26,36,50,80,23,68,62,51,118,72,77,113,37,52,87,127,126,124,87,29,20,9,17,39,21,87,109,118,88,31,34,124,52,103,127,30,77,89,8,46,47,29,60,28,15,51,23,96,33,62,97,9,8,41,16,155,142,153,91,77,101,51,35,159,183,130,114,53,51,3,78,186,187,121,28,80,4,41,74,103,60,26,49,72,109,88,120,304,281,122,97,74,153,117,46,47,70,57,155,33,23,43,43,68,22,31,107,56,84,72,49,42,90,44,68,43,15,2,10,78,71,72,24,59,81,80,54,72,38,58,102,36,3,30,30,76,109,27,72,64,75,58,52,108,41,87,71,94,30,29,36,140,138,32,20,129,61,25,50,25,13,104,132,23,22,34,18,43,58,56,64,78,72,60,86,152,73,121,143,86,43,27,81,173,88,21,116,74,45,9,115,182,25,62,48,84,26,51,18,169,215,129,141,49,31,52,54,135,33,53,62,9,7,9,36,24,29,85,103,77,16,16,95,159,68,101,68,44,24,17,28,78,68,80,79,92,36,11,102,185,103,83,172,30,52,68,11,72,21,126,132,63,40,56,55,107,96,31,13,50,13,31,15,54,103,20,64,63,45,73,141,195,117,133,64,20,32,48,60,70,145,64,123,122,46,69,144,283,220,115,81,109,147,120,37,79,69,6,117,131,114,107,91,24,42,155,1728,6510,7570,7310,6990,4474,2893,5817,3761,888,860,259,402,710,45,697,1040,421,355,269,309,500,299,177,441,391,248,170,265,724,614,286,420,306,171,146,253,539,418,254,277,290,171,136,343,549,403,295,354,273,95,73,193,431,375,218,282,207,84,36,106,417,487,258,248,141,54,39,256,356,375,227,161,102,11,16,69,323,344,175,241,252,107,84,77,231,125,128,114,189,51,43,112,133,49,95,141,224,85,77,52,71,109,106,108,74,14,49,83,186,177,162,92,32,13,32,63,124,142,113,100,106,63,46,37,86,87,34,51,106,13,268,30,144,209,118,174,50,33,70,59,162,205,79,86,104,70,56,41,183,160,157,186,52,62,42,45,140,109,115,127,83,37,40,25,52,9,42,45,51,23,34,8,52,69,81,82,97,41,61,97,192,240,89,57,122,117,60,11,152,144,66,102,107,276,50,74,176,173,41,11,67,93,74,20,31,83,38,52,145,33,41,65,129,167,81,103,117,49,36,66,147,68,79,181,83,43,38,64,110,83,116,128,75,54,42,34,186,170,176,164,61,21,15,6,25,51,49,32,53,39,29,12,97,21,58,60,263,25,43,38,109,61,65,85
96,4.671596,48089,7621,7643,6865,118,44,1117,262,62,27,59,60,18,48,90,65,49,31,29,43,16,36,75,34,16,13,66,235,167,70,108,85,31,30,166,259,185,111,121,109,136,99,24,89,75,67,84,5,123,40,67,198,171,64,111,32,88,56,80,196,133,72,39,108,83,86,135,314,222,72,266,53,22,28,27,67,152,75,90,55,34,75,29,86,41,70,78,58,75,69,24,84,170,132,133,53,100,83,98,182,168,50,82,193,56,29,22,111,136,80,112,28,21,30,23,54,23,79,101,83,37,4,62,97,35,28,144,86,82,47,142,346,176,261,48,41,48,61,27,180,111,115,155,49,40,25,36,113,27,32,107,124,100,83,22,64,139,55,54,33,44,19,60,201,265,134,205,27,76,43,31,58,54,28,21,104,104,44,16,138,206,112,117,112,50,21,56,108,78,34,74,79,55,42,56,156,14,32,75,50,45,92,87,134,100,115,119,22,13,18,70,180,138,71,104,134,64,85,119,172,135,77,126,62,58,47,22,70,109,42,77,85,73,35,21,167,119,87,204,59,43,42,106,141,105,84,87,24,20,37,19,41,41,33,66,154,70,41,132,301,48,84,94,42,65,52,55,89,181,56,64,68,54,82,24,133,108,50,35,71,46,40,15,34,47,72,244,76,8,32,99,130,148,155,257,68,47,7,29,59,131,48,89,76,15,15,27,50,27,13,43,129,72,57,90,227,236,41,7,61,94,6,37,208,55,92,105,68,48,63,122,192,114,118,88,115,98,28,123,303,230,89,126,18,47,33,34,91,23,31,67,21,61,55,40,18,27,2,61,108,41,42,17,108,108,68,62,55,47,25,8,79,93,83,126,80,68,78,56,210,158,69,75,31,82,259,63,176,96,40,141,53,121,75,39,219,105,29,125,18,34,16,31,41,41,28,43,54,24,64,28,130,1,113,191,90,87,55,27,167,29,34,85,65,37,36,77,157,228,69,44,27,42,56,53,57,19,19,14,68,48,9,50,58,69,67,39,55,262,5,30,16,58,17,76,35,31,43,29,31,45,46,106,73,17,32,38,109,115,55,25,55,64,18,12,13,83,56,160,105,71,53,41,137,85,53,82,11,82,17,35,63,113,52,51,12,40,74,39,61,36,49,56,10,52,35,29,181,155,88,30,281,126,90,30,142,117,96,128,95,50,7,77,232,155,70,49,39,46,38,80,92,35,16,52,158,131,102,132,312,144,98,130,108,190,92,36,17,51,115,102,52,76,51,49,67,14,16,77,18,6,22,10,56,101,92,111,47,14,30,31,31,89,46,21,15,46,23,60,75,32,74,182,56,2,44,34,147,260,96,95,46,52,38,63,161,76,88,96,65,52,39,49,110,172,57,68,48,17,28,63,74,30,45,100,6,8,30,14,43,29,34,47,114,59,57,48,68,148,88,84,81,44,60,93,172,11,6,126,119,37,29,89,183,112,32,70,65,69,94,62,173,141,56,105,38,28,38,61,134,134,44,93,68,46,11,21,53,88,79,117,41,57,25,129,238,86,78,94,68,26,22,20,140,101,86,107,119,15,26,50,154,170,48,144,100,108,82,33,38,260,69,129,86,69,84,87,89,13,57,66,115,74,64,36,99,65,82,37,47,26,59,122,177,83,127,118,48,22,55,51,39,82,95,123,163,53,43,137,344,186,87,82,134,154,119,47,67,34,105,137,162,150,108,89,139,20,144,1767,6877,7655,7633,7122,4389,2447,5786,3004,769,909,209,356,654,72,622,924,399,295,263,329,375,115,131,397,414,210,170,325,758,395,211,436,228,233,175,325,535,400,192,297,319,214,136,405,645,357,259,314,262,155,108,237,517,375,189,223,201,142,59,98,455,440,236,243,188,59,39,40,469,409,160,165,195,79,64,108,410,321,181,235,268,155,55,64,278,200,128,175,185,90,38,131,135,145,129,231,323,157,91,81,210,210,188,196,104,67,43,96,234,236,120,102,67,26,14,81,248,215,142,106,131,87,59,43,79,51,52,109,126,64,34,84,239,169,109,160,89,115,86,61,185,116,90,97,56,33,29,67,190,190,109,180,52,64,55,94,205,129,115,100,121,58,74,33,82,60,95,44,48,32,65,50,40,119,35,36,112,46,68,109,213,192,76,84,160,139,102,13,188,150,111,180,92,31,40,87,134,88,21,56,52,111,63,9,94,39,30,23,87,34,35,13,84,200,109,114,111,84,81,60,107,30,56,203,79,106,40,88,180,79,46,59,98,74,19,32,187,160,122,76,35,28,14,23,71,216,80,102,34,59,35,37,57,24,32,135,2,44,36,57,97,37,49,95
97,4.840448,47785,7332,7582,5530,118,44,1127,56,70,111,59,60,57,43,111,7,29,52,107,48,41,65,204,166,128,171,142,34,60,144,349,256,110,84,71,70,108,67,69,105,73,57,68,44,68,32,170,127,88,61,132,46,72,40,130,138,70,68,77,101,102,76,197,203,91,17,81,32,33,51,45,23,59,66,160,13,21,19,94,39,58,3,169,73,78,66,97,34,164,137,64,66,93,67,99,94,99,77,234,102,74,25,77,112,57,82,47,22,20,36,58,25,41,23,73,21,23,18,69,75,62,100,96,98,53,105,210,218,130,96,102,31,41,27,104,116,87,137,20,36,52,33,118,43,18,38,109,98,125,37,79,33,79,95,85,73,9,57,108,137,192,228,99,36,44,33,65,25,52,104,139,26,66,10,128,190,128,153,136,109,78,41,89,8,117,234,31,44,46,52,171,131,70,61,174,73,94,114,167,99,89,131,35,26,39,70,67,85,103,173,235,123,76,54,211,168,135,124,49,17,43,31,52,77,61,88,86,70,51,46,166,127,133,243,82,20,18,54,161,155,70,98,21,20,37,48,24,31,65,123,190,84,51,117,176,151,92,132,24,262,87,43,72,37,30,53,51,20,94,45,172,105,78,127,122,56,54,7,87,34,79,148,79,45,8,87,211,68,81,111,30,15,19,23,53,29,14,64,132,33,14,32,78,104,52,47,119,66,87,23,177,190,89,31,104,54,62,71,161,123,109,102,284,19,23,97,166,58,73,73,195,73,111,13,244,256,150,142,81,25,42,29,114,5,36,37,45,47,49,58,51,42,55,78,106,108,35,12,116,126,113,148,110,76,44,48,91,113,158,157,54,48,48,73,131,158,148,51,38,41,24,56,83,131,95,83,99,78,100,17,184,267,202,152,52,16,30,19,56,64,54,14,174,40,21,56,97,47,47,114,81,58,53,10,90,58,51,35,115,64,43,86,203,54,88,28,5,51,42,62,55,31,66,54,86,61,56,23,134,37,95,140,70,40,33,48,46,45,260,47,120,13,46,48,46,116,86,93,109,37,19,76,64,107,105,80,16,17,11,26,73,22,65,72,104,80,57,29,100,50,130,148,64,91,80,41,102,18,12,74,83,88,79,47,82,59,93,112,32,63,37,35,41,105,142,77,43,126,72,14,92,273,86,136,111,64,20,100,220,241,80,53,65,10,45,53,69,18,22,46,39,89,81,101,260,225,70,126,117,146,108,56,20,44,124,127,89,9,50,56,133,54,41,121,54,27,33,73,45,140,77,93,77,34,53,37,74,35,84,45,47,41,78,87,76,53,29,97,49,38,28,28,99,102,43,46,93,40,54,11,73,28,72,100,63,68,66,21,96,144,49,20,140,45,32,43,24,42,69,143,9,16,44,25,32,57,47,33,43,50,54,57,138,36,81,145,91,25,63,98,135,90,26,133,151,60,31,265,188,36,51,88,73,30,89,37,174,181,111,90,20,52,48,29,125,76,117,118,16,10,26,30,96,73,41,113,129,68,25,110,191,47,113,64,51,75,38,61,162,95,117,89,108,61,26,89,188,109,65,109,28,57,109,54,22,49,120,103,18,36,270,54,102,64,29,20,92,45,66,17,83,60,35,128,133,52,23,125,170,111,112,56,49,28,38,48,37,142,105,88,248,37,45,96,292,272,195,122,110,145,124,36,54,68,46,131,102,132,103,40,87,31,70,1144,5526,7578,7328,7349,5661,2440,5840,4545,1149,777,462,292,664,111,707,1033,346,346,327,329,470,231,211,414,406,202,119,203,650,672,273,375,467,134,149,260,480,428,312,284,382,143,158,309,542,436,337,374,398,57,95,153,350,368,276,270,278,81,74,99,403,490,297,233,228,59,64,84,318,370,272,166,292,38,77,72,339,334,191,222,365,119,113,78,203,186,142,141,170,76,46,77,98,96,133,163,262,122,85,40,126,175,145,115,96,29,44,88,168,182,149,130,54,48,38,22,175,89,113,144,185,68,72,36,67,98,42,70,188,48,56,65,168,206,150,305,123,70,86,74,209,173,103,82,55,96,66,46,145,102,165,173,72,33,28,47,174,77,122,116,172,67,63,45,29,53,88,81,55,38,42,7,38,87,73,59,69,25,36,49,178,187,58,61,198,133,57,9,150,172,146,150,65,50,25,84,136,183,261,34,57,30,61,14,144,106,41,54,243,58,26,43,146,187,113,96,117,69,66,12,59,20,47,139,138,14,25,60,123,138,125,146,65,63,52,41,173,205,173,181,11,37,67,42,36,72,59,55,60,52,27,38,145,56,67,57,101,51,65,45,44,107,45,89,103,55,75,37,53
98,4.652834,47704,7389,7536,6968,118,40,982,270,79,53,68,64,60,57,13,27,70,58,47,14,38,194,144,87,112,110,50,48,175,295,165,102,124,86,161,103,32,47,85,54,60,11,109,12,100,141,101,54,56,20,89,50,75,158,85,23,49,101,93,68,81,318,259,114,19,75,9,65,22,21,266,46,97,118,35,22,12,67,71,45,65,94,113,83,41,57,94,79,147,41,97,133,128,162,147,67,71,170,85,62,33,163,260,55,83,69,32,50,26,32,55,43,127,53,16,10,12,111,45,51,103,68,133,49,94,303,173,93,53,48,54,68,39,279,52,60,71,9,42,29,119,121,16,45,119,124,103,85,31,56,96,74,92,45,70,28,62,202,173,153,200,37,61,42,6,53,107,34,15,81,86,92,5,149,165,102,101,109,88,42,39,38,64,58,84,62,63,90,88,173,75,27,23,71,104,84,40,182,172,61,102,20,49,16,105,175,95,94,109,104,118,86,88,203,181,86,76,8,56,24,11,81,49,74,69,70,57,16,62,111,84,73,191,49,16,23,62,155,110,74,41,22,58,57,17,50,30,45,121,140,66,28,117,242,124,46,91,55,109,273,73,73,137,56,61,79,77,85,19,122,145,53,27,62,80,28,21,44,52,71,202,107,37,11,82,106,153,98,235,34,13,32,21,44,184,48,89,58,36,36,28,79,75,23,38,151,89,73,108,213,245,63,53,80,107,19,56,178,61,112,76,16,44,65,70,200,96,92,81,125,75,74,80,268,208,94,147,29,64,33,30,103,63,18,56,26,48,52,25,5,42,22,88,108,55,38,28,71,50,64,97,63,48,19,14,115,100,70,138,82,77,86,68,135,131,63,73,21,77,20,57,174,118,39,162,29,100,91,32,162,114,85,114,38,34,15,65,29,66,55,88,57,7,40,57,103,83,105,249,51,97,50,43,177,20,25,131,46,45,23,78,164,163,69,42,27,36,57,54,12,24,50,27,56,24,7,18,48,37,92,82,25,62,34,54,38,23,31,261,51,36,55,26,62,89,62,92,84,29,20,24,122,106,77,48,45,67,21,8,28,17,91,161,97,59,41,23,93,20,51,47,50,103,36,49,75,88,49,124,40,80,93,14,133,70,65,75,41,38,54,20,114,125,94,64,92,80,68,27,122,133,264,114,74,21,13,140,197,111,43,48,52,48,58,54,73,55,21,47,67,121,53,99,265,106,74,103,131,128,71,27,73,3,41,79,55,49,27,78,60,28,8,105,59,81,70,41,83,77,71,143,52,36,17,24,62,98,38,50,71,78,59,55,91,265,83,168,57,24,78,81,153,299,83,90,71,71,87,70,178,26,50,78,87,69,48,29,149,176,66,39,50,40,63,67,21,87,19,101,33,20,33,52,38,17,16,66,102,68,70,13,55,53,50,68,53,78,39,102,213,34,16,149,99,29,49,48,293,62,26,52,42,70,92,22,145,175,64,83,44,46,40,47,132,116,55,73,84,55,15,30,68,78,79,121,41,66,32,105,293,53,73,77,77,28,44,42,157,107,87,51,99,14,70,66,162,63,31,86,92,123,74,23,61,34,59,115,82,83,86,267,68,56,66,107,116,12,56,49,131,78,73,113,66,21,72,81,216,50,68,77,16,21,57,44,55,52,84,111,148,55,55,145,333,193,123,97,123,132,102,16,82,144,76,145,167,117,84,88,107,46,125,1851,6972,7541,7393,7339,5001,2293,5719,2743,705,722,61,227,706,300,383,853,357,301,254,390,522,56,69,408,405,247,165,326,820,552,307,523,266,204,169,352,632,339,177,212,304,260,152,341,658,350,253,329,266,42,65,173,492,400,238,246,212,119,102,106,383,373,242,268,162,64,46,121,414,360,187,158,142,62,60,75,322,276,157,284,241,158,64,76,221,200,145,153,157,73,45,106,169,230,98,209,298,159,103,67,199,262,180,208,78,73,44,90,230,200,128,73,78,20,78,34,193,163,153,143,135,103,57,41,92,120,4,106,153,50,53,87,213,190,124,224,50,116,76,63,188,82,47,74,52,71,39,60,153,143,150,208,86,97,31,39,131,76,144,133,174,81,66,24,90,143,85,43,10,42,82,45,23,104,39,42,126,56,84,114,267,172,71,52,173,109,101,27,158,131,85,151,74,74,39,71,126,85,33,47,49,125,36,6,107,76,48,61,105,63,38,51,154,191,95,114,128,91,60,8,94,39,51,154,88,8,17,32,171,90,45,39,67,89,52,12,135,100,126,65,104,28,20,25,62,237,95,95,45,56,55,75,100,61,31,103,95,60,30,22,102,84,257,90,112,81,43,78,51,69
99,4.671596,47977,7546,7457,5410,118,40,986,77,103,76,83,46,108,66,12,29,24,84,26,57,43,74,42,5,40,124,155,86,111,169,43,61,137,275,179,87,66,36,66,59,15,40,125,97,109,67,91,72,53,120,98,83,94,176,27,27,59,130,99,97,67,97,39,34,69,170,233,117,47,58,5,38,11,64,133,118,19,150,48,11,17,39,52,50,33,107,36,38,21,64,173,140,148,59,50,51,122,164,145,93,83,266,89,52,13,125,202,120,75,37,65,86,35,33,47,50,138,158,47,35,25,84,74,60,104,85,70,36,48,191,173,138,60,260,22,55,53,64,80,123,109,8,15,27,62,67,38,26,71,186,141,121,92,39,77,59,103,79,41,26,7,66,165,147,176,80,36,8,26,67,69,53,29,120,46,36,11,158,171,164,125,167,91,65,27,21,38,64,91,111,68,31,75,144,97,31,3,129,29,73,112,142,143,79,53,53,40,24,69,116,55,73,77,138,63,28,69,216,126,85,79,29,35,84,35,42,59,27,62,115,81,49,24,87,84,98,191,80,71,64,61,102,97,73,93,43,18,10,13,47,23,28,119,257,75,19,44,198,134,37,83,60,52,40,103,146,156,96,23,70,41,77,43,90,136,53,56,124,54,24,28,87,13,68,110,136,24,52,105,126,110,141,158,64,3,13,14,24,96,32,57,153,36,32,36,24,35,73,48,192,35,42,104,194,236,117,47,100,91,70,75,101,266,124,87,61,21,3,86,158,76,124,112,160,49,9,82,224,236,150,109,49,48,11,29,72,43,38,53,38,28,36,35,32,24,27,93,135,64,51,36,57,18,79,103,123,73,43,53,149,168,131,194,70,63,69,10,65,121,140,18,39,42,34,53,49,93,91,107,71,83,84,50,87,126,200,151,74,24,19,49,102,72,63,64,141,28,21,50,109,105,112,190,181,36,55,57,115,65,12,83,124,11,87,87,108,149,114,37,15,17,21,44,79,22,57,31,109,55,86,55,75,48,115,143,76,34,17,24,65,42,27,53,104,24,30,4,67,75,76,88,177,50,70,39,27,98,94,85,60,64,19,17,35,87,67,130,92,107,68,46,42,27,93,94,63,111,69,36,94,54,51,39,48,26,51,40,31,12,89,100,87,45,55,10,59,121,130,39,37,103,272,20,65,102,152,116,129,67,40,85,178,145,53,13,75,49,17,34,43,30,37,31,67,119,103,63,201,189,151,112,164,131,95,7,78,55,71,164,19,14,47,66,101,9,30,73,102,11,19,55,75,89,13,88,34,18,12,18,82,83,36,60,43,58,44,67,49,86,105,84,53,47,54,27,100,209,120,102,105,56,21,40,152,53,97,108,94,20,20,53,146,170,62,12,163,49,75,23,25,13,71,111,82,15,32,25,31,26,53,66,121,50,54,22,71,96,115,72,120,11,25,84,133,87,29,111,112,29,40,34,120,84,90,63,181,50,41,29,78,163,121,102,48,63,52,41,68,117,72,64,27,16,28,43,54,55,72,90,164,25,31,126,226,49,108,41,86,50,17,51,109,63,67,45,138,44,70,26,120,75,104,139,63,47,41,24,35,35,46,277,61,39,53,42,51,50,29,44,86,9,21,41,29,52,71,59,158,48,36,120,210,37,93,135,73,48,42,47,34,57,84,26,293,52,47,95,253,182,112,71,115,78,71,71,19,111,105,72,102,87,88,48,22,38,142,1216,5427,7474,7562,7051,5593,1704,4550,3699,1194,827,350,243,717,308,556,976,479,261,234,392,415,75,67,434,615,157,92,226,537,553,404,401,426,242,183,327,495,342,210,174,387,131,100,322,582,354,290,236,425,64,70,177,332,334,225,171,273,123,89,79,286,381,290,228,283,62,52,73,281,514,251,184,226,39,31,46,226,293,223,249,411,111,73,61,152,156,143,115,208,84,26,110,151,179,109,212,358,139,101,74,164,194,145,130,96,43,58,56,145,119,166,62,61,36,81,59,121,176,167,139,170,60,75,41,97,152,10,54,237,66,30,40,274,214,105,169,86,59,45,12,86,76,54,86,107,57,53,58,74,123,168,155,31,63,65,78,109,76,179,136,215,56,53,38,74,140,37,59,8,38,29,11,43,97,53,56,143,10,28,120,217,217,87,31,230,93,93,13,109,117,77,171,160,48,59,53,121,120,9,13,94,96,86,14,32,57,46,10,173,17,10,72,163,197,107,82,80,24,11,50,54,52,61,157,144,54,42,54,139,120,55,86,108,91,53,20,112,131,149,97,9,13,30,28,38,183,93,47,60,71,47,61,77,31,52,99,85,33,28,7,44,34,70,85,185,82